#ve 1.01
#ep 100000
#em 100000
#im 200
#rg 1
#rf 0
#rb 0
#rw -0.1
#xr 0.001
#xm 0.001
#al 0.2
#ga 0.9

#qt 001111 0 0 0 0 0 0 0 0 
#qt 001112 0 0 0 0 0 0 0 0 
#qt 001113 0 0 0 0 0 0 0 0 
#qt 001114 0 0 0 0 0 0 0 0 
#qt 001121 0 0 0 0 0 0 0 0 
#qt 001122 0 0 0 0 0 0 0 0 
#qt 001123 0 0 0 0 0 0 0 0 
#qt 001124 0.184 0 0 0 0 0.156787 0 0 
#qt 001131 0 0 0 0 0 0 0 0 
#qt 001132 0 0 0 0 0 0 0 0 
#qt 001133 0 0 0 0 0 0 0 0 
#qt 001134 0 0 0 0 0 0 0 0 
#qt 001141 0 0.357114 0 0 0 0 0 0 
#qt 001142 0 0 0 0 0 0 0 0 
#qt 001143 0 0 0 0 0 0 0 0 
#qt 001144 0 0 0 0.0950526 0.921544 0.136426 0 0.217938 
#qt 001211 0 0 0 0 0 0 0 0 
#qt 001212 0 0 0 0 0 0 0 0 
#qt 001213 0 0 0 0 0 0 0 0 
#qt 001214 0 0 0 0 0 0 0 0 
#qt 001221 0 0 0 0 0 0 0 0 
#qt 001222 0 0 0 0 0 0 0 0 
#qt 001223 0 0 0 0 0 0 0 0 
#qt 001224 0 0 0 0 0 0 0 0 
#qt 001231 0 0 0 0 0 0 0 0 
#qt 001232 0 0 0 0 0 0 0 0 
#qt 001233 0 0 0 0 0 0 0 0 
#qt 001234 0 0 0 0 0 0 0 0 
#qt 001241 0 0 0 0 0 0 0 0 
#qt 001242 0 0 0 0 0 0 0 0 
#qt 001243 0 0 0 0 0 0 0 0 
#qt 001244 0 0 0 0.117641 0 0 0 0.558529 
#qt 001311 0 0 0 0 0 0 0 0 
#qt 001312 0 0 0 0 0 0 0 0 
#qt 001313 0 0 0 0 0 0 0 0 
#qt 001314 0 0 0 0 0 0 0 0 
#qt 001321 0 0 0 0 0 0 0 0 
#qt 001322 0 0 0 0 0 0 0 0 
#qt 001323 0 0 0 0 0 0 0 0 
#qt 001324 0 0 0 0 0 0 0 0 
#qt 001331 0 0 0 0 0 0 0 0 
#qt 001332 0 0 0 0 0 0 0 0 
#qt 001333 0 0 0 0 0 0 0 0 
#qt 001334 0 0 0 0 0 0 0 0 
#qt 001341 0 0 0 0 0 0 0 0 
#qt 001342 0 0 0 0 0 0 0 0 
#qt 001343 0 0 0 0 0 0 0 0 
#qt 001344 0 0.23731 0.222244 0 0.164538 0 0.144967 0 
#qt 001411 0 0 0 0 0 0 0 0 
#qt 001412 0 0 0 0 0 0 0 0 
#qt 001413 0 0 0 0 0 0 0 0 
#qt 001414 0.357114 0 0 0 0 0 0 0 
#qt 001421 0 0 0 0 0 0 0 0.357114 
#qt 001422 0 0 0 0 0 0 0 0 
#qt 001423 0 0 0 0 0 0 0 0 
#qt 001424 0 0 0 0 0 0 0 0 
#qt 001431 0 0 0 0 0 0 0 0 
#qt 001432 0 0.22353 0.122006 0 0 0 0 0 
#qt 001433 0.184 0 0 0 0 0.0730726 0 0 
#qt 001434 0 0 0 0 0 0 0 0 
#qt 001441 0 0 0.246878 0.130265 0.155841 0.174194 0 0.983677 
#qt 001442 0 0 0 0 0.551129 0 0 0 
#qt 001443 0 0 0.132286 0 0 0 0 0 
#qt 001444 0.904498 0.184 0.158243 0 0.250301 0.0844751 0.172123 0.243616 
#qt 002111 0 0 0 0 0 0 0 0 
#qt 002112 0 0 0 0 0 0 0 0 
#qt 002113 0 0 0 0 0 0 0 0 
#qt 002114 0 0 0 0 0 0 0 0 
#qt 002121 0 0 0 0 0 0 0 0 
#qt 002122 0 0 0 0 0 0 0 0 
#qt 002123 0 0 0 0 0 0 0 0 
#qt 002124 0 0 0 0 0 0 0 0 
#qt 002131 0 0 0 0 0 0 0 0 
#qt 002132 0 0 0 0 0 0 0 0 
#qt 002133 0 0 0 0 0 0 0 0 
#qt 002134 0 0 0 0 0 0 0 0 
#qt 002141 0 0 0 0 0 0 0 0 
#qt 002142 0 0 0 0 0 0 0 0 
#qt 002143 0 0 0 0 0 0 0 0 
#qt 002144 0 0.357114 0 0 0 0 0 0 
#qt 002211 0 0 0 0 0 0 0 0 
#qt 002212 0 0 0 0 0 0 0 0 
#qt 002213 0 0 0 0 0 0 0 0 
#qt 002214 0 0 0 0 0 0 0 0 
#qt 002221 0 0 0 0 0 0 0 0 
#qt 002222 0 0 0 0 0 0 0 0 
#qt 002223 0 0 0 0 0 0 0 0 
#qt 002224 0 0 0 0 0 0 0 0 
#qt 002231 0 0 0 0 0 0 0 0 
#qt 002232 0 0 0 0 0 0 0 0 
#qt 002233 0 0 0 0 0 0 0 0 
#qt 002234 0 0 0 0 0 0 0 0 
#qt 002241 0 0 0 0 0 0 0 0 
#qt 002242 0 0 0 0 0 0 0 0 
#qt 002243 0 0 0 0 0 0 0 0 
#qt 002244 0.036 0 0 0 0.523475 0 0 0 
#qt 002311 0 0 0 0 0 0 0 0 
#qt 002312 0 0 0 0 0 0 0 0 
#qt 002313 0 0 0 0 0 0 0 0 
#qt 002314 0 0 0 0 0 0 0 0 
#qt 002321 0 0 0 0 0 0 0 0 
#qt 002322 0 0 0 0 0 0 0 0 
#qt 002323 0 0 0 0 0 0 0 0 
#qt 002324 0 0 0 0 0 0 0 0 
#qt 002331 0 0 0 0 0 0 0 0 
#qt 002332 0 0 0 0 0 0 0 0 
#qt 002333 0 0 0 0 0 0 0 0 
#qt 002334 0 0 0 0 0 0 0 0 
#qt 002341 0 0 0 0 0 0 0 0 
#qt 002342 0 0 0 0 0 0 0 0 
#qt 002343 0 0 0 0 0 0 0 0 
#qt 002344 0 0 0 0.409561 0 0 0 0 
#qt 002411 0 0 0 0 0 0 0 0 
#qt 002412 0 0 0 0 0 0 0 0 
#qt 002413 0 0 0 0 0 0 0 0 
#qt 002414 0.363178 0 0 0 0 0.24229 0 0.30167 
#qt 002421 0 0 0 0 0 0 0 0 
#qt 002422 0 0 0 0 0.263315 0 0 0 
#qt 002423 0 0 0 0 0 0 0 0 
#qt 002424 0 0 0 0 0.345569 0 0 0 
#qt 002431 0 0.036 0 0 0.198894 0 0 0 
#qt 002432 0 0 0 0 0 0 0 0 
#qt 002433 0.0554967 0 0 0 0 0.203421 0 0 
#qt 002434 0 0.189673 0.532565 0 0 0 0 0 
#qt 002441 0 0 0 0 0 0 0 0.357114 
#qt 002442 0.405654 0 0 0.0752641 0 0 0 0 
#qt 002443 0 0 0.630754 0 0 0 0 0 
#qt 002444 0.217627 0.100971 0.24304 0.241523 1.39671 0.146103 0.335172 0 
#qt 003111 0 0 0 0 0 0 0 0 
#qt 003112 0 0 0 0 0 0 0 0 
#qt 003113 0 0 0 0 0 0 0 0 
#qt 003114 0 0 0 0 0 0 0 0 
#qt 003121 0 0 0 0 0 0 0 0 
#qt 003122 0 0 0 0 0 0 0 0 
#qt 003123 0 0 0 0 0 0 0 0 
#qt 003124 0 0 0 0 0 0 0 0 
#qt 003131 0 0 0 0 0 0 0 0 
#qt 003132 0 0 0 0 0 0 0 0 
#qt 003133 0 0 0 0 0 0 0 0 
#qt 003134 0 0 0 0 0 0 0 0 
#qt 003141 0 0 0 0 0 0 0 0 
#qt 003142 0 0 0 0 0 0 0 0 
#qt 003143 0 0 0 0 0 0 0 0 
#qt 003144 0 0 0 0 0 0 0.296181 0 
#qt 003211 0 0 0 0 0 0 0 0 
#qt 003212 0 0 0 0 0 0 0 0 
#qt 003213 0 0 0 0 0 0 0 0 
#qt 003214 0 0 0 0 0 0 0 0 
#qt 003221 0 0 0 0 0 0 0 0 
#qt 003222 0 0 0 0 0 0 0 0 
#qt 003223 0 0 0 0 0 0 0 0 
#qt 003224 0 0 0 0 0 0 0 0 
#qt 003231 0 0 0 0 0 0 0 0 
#qt 003232 0 0 0 0 0 0 0 0 
#qt 003233 0 0 0 0 0 0 0 0 
#qt 003234 0 0 0 0 0 0 0 0 
#qt 003241 0 0 0 0 0 0 0 0 
#qt 003242 0 0 0 0 0 0 0 0 
#qt 003243 0 0 0 0 0 0 0 0 
#qt 003244 0 0 0.331527 0 0 0 0 0 
#qt 003311 0 0 0 0 0 0 0 0 
#qt 003312 0 0 0 0 0 0 0 0 
#qt 003313 0 0 0 0 0 0 0 0 
#qt 003314 0 0 0 0 0 0 0 0 
#qt 003321 0 0 0 0 0 0 0 0 
#qt 003322 0 0 0 0 0 0 0 0 
#qt 003323 0 0 0 0 0 0 0 0 
#qt 003324 0.334267 0 0 0 0 0 0 0 
#qt 003331 0 0 0 0 0 0 0 0 
#qt 003332 0 0 0 0 0 0 0 0 
#qt 003333 0 0 0 0 0 0 0 0 
#qt 003334 0 0 0 0 0 0 0 0 
#qt 003341 0 0 0 0 0 0 0 0 
#qt 003342 0 0 0 0 0 0 0 0 
#qt 003343 0 0 0 0 0 0 0 0 
#qt 003344 0 0 0.583534 0.107516 0 0 0 0 
#qt 003411 0 0 0 0 0 0 0 0 
#qt 003412 0 0 0.341561 0 0 0 0 0 
#qt 003413 0 0 0 0 0 0 0 0 
#qt 003414 0 0 0 0 0.357114 0 0 0 
#qt 003421 0 0 0 0 0.202606 0 0.184 0 
#qt 003422 0 0 0 0 0 0 0 0 
#qt 003423 0 0.0499687 0.0929943 0 0 0 0 0 
#qt 003424 0 0 0 0.184 0 0.502468 0 0 
#qt 003431 0 0 0 0 0 0 0 0 
#qt 003432 0 0 0 0 0 0 0 0 
#qt 003433 0 0 0 0 0 0 0 0 
#qt 003434 0 0 0.315642 0 0 0 0 0 
#qt 003441 0.192953 0 0 0 0 0 0 0 
#qt 003442 0 0 0 0 0 0.350423 0 0 
#qt 003443 0 0 0.092565 0 0 0 0 0 
#qt 003444 1.02043 0 0 0.202763 0.334023 0.102179 0.373045 0.17811 
#qt 004111 0 0 0 0 0 0 0.357114 0 
#qt 004112 0 0 0 0 0 0 0 0 
#qt 004113 0 0 0 0 0 0 0 0 
#qt 004114 0.176675 0.162018 0.184 0 0 0 0 0.466026 
#qt 004121 0 0 0 0 0 0 0 0 
#qt 004122 0 0 0 0 0 0 0 0 
#qt 004123 0 0 0 0 0 0 0 0 
#qt 004124 0 0.184 0 0 0 0 0 0 
#qt 004131 0 0 0 0 0 0 0 0 
#qt 004132 0 0 0 0 0 0 0 0 
#qt 004133 0 0 0 0 0 0 0.139672 0 
#qt 004134 0 0 0.230175 0 0 0 0 0.142516 
#qt 004141 0 0 0 0 0 0 0 0 
#qt 004142 0 0 0 0 0 0 0 0 
#qt 004143 0 0 0 0 0 0 0 0 
#qt 004144 0.36535 0.258474 1.69499 0.379501 0 0.229859 0 0.312684 
#qt 004211 0 0 0 0 0 0 0 0 
#qt 004212 0 0 0 0 0 0 0 0 
#qt 004213 0 0 0 0 0 0 0 0 
#qt 004214 0 0 0 0 0.184 0 0 0 
#qt 004221 0 0 0 0 0 0 0 0 
#qt 004222 0 0 0 0 0 0 0 0 
#qt 004223 0.160673 0 0 0 0 0 0 0 
#qt 004224 0.162 0.206244 0 0 0 0 0 0 
#qt 004231 0 0 0 0 0 0 0 0 
#qt 004232 0 0 0 0 0 0.15293 0 0 
#qt 004233 0 0 0 0.171852 0 0 0 0 
#qt 004234 0 0 0 0 0 0.400863 0 0 
#qt 004241 0 0 0 0 0 0 0 0 
#qt 004242 0 0 0 0 0 0 0 0 
#qt 004243 0 0 0 0 0 0 0.310076 0.158268 
#qt 004244 0 0.916038 0.103147 0.275412 0 0.30702 0.138343 0.172701 
#qt 004311 0 0 0 0 0 0 0 0 
#qt 004312 0 0 0 0 0 0 0 0 
#qt 004313 0 0 0 0 0 0 0 0 
#qt 004314 0.161994 0 0 0 0 0 0 0 
#qt 004321 0 0 0 0 0 0 0 0 
#qt 004322 0.108501 0 0 0 0 0 0 0 
#qt 004323 0.161367 0 0 0 0 0 0 0 
#qt 004324 0 0 0 0 0 0.343352 0 0.155841 
#qt 004331 0.139695 0 0 0 0 0 0 0 
#qt 004332 0.108546 0 0 0 0 0 0 0 
#qt 004333 0 0 0.162056 0 0 0 0 0 
#qt 004334 0 0 0 0 0 0 0 0 
#qt 004341 0 0 0 0 0 0 0 0 
#qt 004342 0 0 0.36594 0 0 0.0705383 0 0 
#qt 004343 0 0.464461 0 0.281858 0 0 0 0 
#qt 004344 0.203929 0 0 0 1.46744 0.147564 0 0.19969 
#qt 004411 0 0.119751 0 0 0 0.405607 0.833635 0.415155 
#qt 004412 0.144552 0 0 0 0 0 0 0 
#qt 004413 0.145712 0 0 0 0 0 0 0 
#qt 004414 0 0.894779 0 0.338783 0.338783 0.299166 0.194442 0.193364 
#qt 004421 0.18 0 0 0 0 0 0 0 
#qt 004422 0 0 0 0 0 0.169019 0 0 
#qt 004423 0 0 0 0.111615 0 0 0 0 
#qt 004424 0.238549 0 0 0 0.455919 0 0 1.10509 
#qt 004431 0.18 0 0 0 0.209158 0 0 0 
#qt 004432 0 0 0 0 0.18 0 0 0 
#qt 004433 0 0 0 0 0 0 0 0 
#qt 004434 0.200224 0.177638 0 0.197482 1.2306 0 0 0 
#qt 004441 1.23986 0.1906 0.306324 0 0 0 0 0 
#qt 004442 0.346664 0.240402 1.28755 0 0 0 0.249294 0.428303 
#qt 004443 0 0.220444 0 0 0 0.729931 0 0.262753 
#qt 004444 0.332642 0.526439 0.233827 0 2.32316 0.361265 0.238626 0.286135 
#qt 011111 0 0 0 0 0 0 0 0 
#qt 011112 0 0 0 0 0 0 0 0 
#qt 011113 0 0 0 0 0 0 0 0 
#qt 011114 0 0 0 0 0 0 0 0 
#qt 011121 0 0 0 0 0 0 0 0 
#qt 011122 0 0 0 0 0 0 0 0 
#qt 011123 0 0 0 0 0 0 0 0 
#qt 011124 0.370648 0.328751 0.307132 0.222644 0.276646 0.228643 0.28563 1.02573 
#qt 011131 0 0 0 0 0 0 0 0 
#qt 011132 0 0 0 0 0 0 0 0 
#qt 011133 0 0 0 0 0 0 0 0 
#qt 011134 0 0 0 0 0 0 0 0 
#qt 011141 0.134687 0.13301 0.148165 0.154901 0.164556 0.148035 0.117929 0.131424 
#qt 011142 0 0 0 0 0 0 0 0 
#qt 011143 0 0 0 0 0 0 0 0 
#qt 011144 0.355292 0.382008 0.340854 0.377396 0.373645 0.476009 0.46928 0.376757 
#qt 011211 0 0 0 0 0 0 0 0 
#qt 011212 0 0 0 0 0 0 0 0 
#qt 011213 0 0 0 0 0 0 0 0 
#qt 011214 0 0 0 0 0 0 0 0 
#qt 011221 0 0 0 0 0 0 0 0 
#qt 011222 0 0 0 0 0 0 0 0 
#qt 011223 0 0 0 0 0 0 0 0 
#qt 011224 0 0 0 0 0 0 0 0 
#qt 011231 0 0 0 0 0 0 0 0 
#qt 011232 0 0 0 0 0 0 0 0 
#qt 011233 0 0 0 0 0 0 0 0 
#qt 011234 0 0 0 0 0 0 0 0 
#qt 011241 0 0 0 0 0 0 0 0 
#qt 011242 0 0 0 0 0 0 0 0 
#qt 011243 0 0 0 0 0 0 0 0 
#qt 011244 0 0 0 0 0 0 0 0 
#qt 011311 0 0 0 0 0 0 0 0 
#qt 011312 0 0 0 0 0 0 0 0 
#qt 011313 0 0 0 0 0 0 0 0 
#qt 011314 0 0 0 0 0 0 0 0 
#qt 011321 0 0 0 0 0 0 0 0 
#qt 011322 0 0 0 0 0 0 0 0 
#qt 011323 0 0 0 0 0 0 0 0 
#qt 011324 0 0 0 0 0 0 0 0 
#qt 011331 0 0 0 0 0 0 0 0 
#qt 011332 0 0 0 0 0 0 0 0 
#qt 011333 0 0 0 0 0 0 0 0 
#qt 011334 0 0 0 0 0 0 0 0 
#qt 011341 0 0 0 0 0 0 0 0 
#qt 011342 0 0 0 0 0 0 0 0 
#qt 011343 0 0 0 0 0 0 0 0 
#qt 011344 0 0 0 0 0 0 0 0 
#qt 011411 0 0 0 0 0 0 0 0 
#qt 011412 0 0 0 0 0 0 0 0 
#qt 011413 0 0 0 0 0 0 0 0 
#qt 011414 0.283902 0.282398 0.189948 0.26547 0.171603 0.185048 0.188414 0.461915 
#qt 011421 0.191491 0.107906 0.135977 0.110182 0.123697 0.68926 0.114496 0.103902 
#qt 011422 0 0 0 0 0 0 0 0 
#qt 011423 0 0 0 0 0 0 0 0 
#qt 011424 0 0 0 0 0 0 0 0 
#qt 011431 0 0 0 0 0 0 0 0 
#qt 011432 0 0 0 0 0 0 0 0 
#qt 011433 0 0 0 0 0 0 0 0 
#qt 011434 0 0 0 0 0 0 0 0 
#qt 011441 0.441856 1.57523 0.538459 0.248153 0.269283 0.176162 1.04753 0.427653 
#qt 011442 0.161575 0.160251 0.160506 0.163893 0.160003 0.160387 0.158955 0.160407 
#qt 011443 0 0 0 0 0 0 0 0 
#qt 011444 0.480473 0.903448 0.287823 0.347256 0.316121 0.276532 0.255054 0.362613 
#qt 012111 0 0 0 0 0 0 0 0 
#qt 012112 0 0 0 0 0 0 0 0 
#qt 012113 0 0 0 0 0 0 0 0 
#qt 012114 0 0 0 0 0 0 0 0 
#qt 012121 0 0 0 0 0 0 0 0 
#qt 012122 0 0 0 0 0 0 0 0 
#qt 012123 0 0 0 0 0 0 0 0 
#qt 012124 0 0 0 0 0 0 0 0 
#qt 012131 0 0 0 0 0 0 0 0 
#qt 012132 0 0 0 0 0 0 0 0 
#qt 012133 0 0 0 0 0 0 0 0 
#qt 012134 0 0 0 0 0 0 0 0 
#qt 012141 0 0 0 0 0 0 0 0 
#qt 012142 0 0 0 0 0 0 0 0 
#qt 012143 0 0 0 0 0 0 0 0 
#qt 012144 1.51581 1.28427 1.2746 1.18094 0.91868 1.12564 0.565954 0.446867 
#qt 012211 0 0 0 0 0 0 0 0 
#qt 012212 0 0 0 0 0 0 0 0 
#qt 012213 0 0 0 0 0 0 0 0 
#qt 012214 0 0 0 0 0 0 0 0 
#qt 012221 0 0 0 0 0 0 0 0 
#qt 012222 0 0 0 0 0 0 0 0 
#qt 012223 0 0 0 0 0 0 0 0 
#qt 012224 0 0 0 0 0 0 0 0 
#qt 012231 0 0 0 0 0 0 0 0 
#qt 012232 0 0 0 0 0 0 0 0 
#qt 012233 0 0 0 0 0 0 0 0 
#qt 012234 0 0 0 0 0 0 0 0 
#qt 012241 0 0 0 0 0 0 0 0 
#qt 012242 0 0 0 0 0 0 0 0 
#qt 012243 0 0 0 0 0 0 0 0 
#qt 012244 1.50268 1.24181 1.25253 0.99979 1.20493 0.594751 0.510247 0.70029 
#qt 012311 0 0 0 0 0 0 0 0 
#qt 012312 0 0 0 0 0 0 0 0 
#qt 012313 0 0 0 0 0 0 0 0 
#qt 012314 0 0 0 0 0 0 0 0 
#qt 012321 0 0 0 0 0 0 0 0 
#qt 012322 0 0 0 0 0 0 0 0 
#qt 012323 0 0 0 0 0 0 0 0 
#qt 012324 0 0 0 0 0 0 0 0 
#qt 012331 0 0 0 0 0 0 0 0 
#qt 012332 0 0 0 0 0 0 0 0 
#qt 012333 0 0 0 0 0 0 0 0 
#qt 012334 0 0 0 0 0 0 0 0 
#qt 012341 0 0 0 0 0 0 0 0 
#qt 012342 0 0 0 0 0 0 0 0 
#qt 012343 0 0 0 0 0 0 0 0 
#qt 012344 1.21358 1.04417 0.971997 0.943645 1.0067 0.561229 0.466329 0.81822 
#qt 012411 0 0 0 0 0 0 0 0 
#qt 012412 0 0 0 0 0 0 0 0 
#qt 012413 0 0 0 0 0 0 0 0 
#qt 012414 0.116795 0.113548 0.838059 0.100468 0.100669 0.102893 0.114985 0.101821 
#qt 012421 0 0 0 0 0 0 0 0 
#qt 012422 1.02827 1.08106 0.565432 0.569398 0.626397 0.40913 0.596078 0.449239 
#qt 012423 0 0 0 0 0 0 0 0 
#qt 012424 1.1656 0.771426 0.831128 0.880645 0.927919 0.908271 0.400276 0.811619 
#qt 012431 1.32095 0.669631 0.688166 0.444649 0.494728 0.779222 0.976392 0.870562 
#qt 012432 0 0 0 0 0 0 0 0 
#qt 012433 1.40206 1.10021 0.906765 0.697617 1.11022 0.836575 0.778816 1.04878 
#qt 012434 1.53748 1.17594 1.1218 0.729708 1.17705 0.567427 0.875904 0.975223 
#qt 012441 0.152114 0.127764 0.158988 0.311474 0.163608 0.148751 0.135128 0.161964 
#qt 012442 1.49595 0.158191 0.393969 0.1538 0.156709 0.152806 0.230119 0.157437 
#qt 012443 1.67856 0.793779 0.598869 0.382651 0.283356 0.440399 0.761757 1.31001 
#qt 012444 1.81405 0.439395 0.561798 0.65935 1.13045 0.531857 0.399923 1.19962 
#qt 013111 0 0 0 0 0 0 0 0 
#qt 013112 0 0 0 0 0 0 0 0 
#qt 013113 0 0 0 0 0 0 0 0 
#qt 013114 0 0 0 0 0 0 0 0 
#qt 013121 0 0 0 0 0 0 0 0 
#qt 013122 0 0 0 0 0 0 0 0 
#qt 013123 0 0 0 0 0 0 0 0 
#qt 013124 0 0 0 0 0 0 0 0 
#qt 013131 0 0 0 0 0 0 0 0 
#qt 013132 0 0 0 0 0 0 0 0 
#qt 013133 0 0 0 0 0 0 0 0 
#qt 013134 0 0 0 0 0 0 0 0 
#qt 013141 0 0 0 0 0 0 0 0 
#qt 013142 0 0 0 0 0 0 0 0 
#qt 013143 0 0 0 0 0 0 0 0 
#qt 013144 1.3214 1.14477 1.13921 1.13392 0.796944 0.51086 1.12612 0.940431 
#qt 013211 0 0 0 0 0 0 0 0 
#qt 013212 0 0 0 0 0 0 0 0 
#qt 013213 0 0 0 0 0 0 0 0 
#qt 013214 0 0 0 0 0 0 0 0 
#qt 013221 0 0 0 0 0 0 0 0 
#qt 013222 0 0 0 0 0 0 0 0 
#qt 013223 0 0 0 0 0 0 0 0 
#qt 013224 0 0 0 0 0 0 0 0 
#qt 013231 0 0 0 0 0 0 0 0 
#qt 013232 0 0 0 0 0 0 0 0 
#qt 013233 0 0 0 0 0 0 0 0 
#qt 013234 0 0 0 0 0 0 0 0 
#qt 013241 0 0 0 0 0 0 0 0 
#qt 013242 0 0 0 0 0 0 0 0 
#qt 013243 0 0 0 0 0 0 0 0 
#qt 013244 1.47111 1.10742 1.20998 0.525951 0.764659 0.651837 0.361868 0.339286 
#qt 013311 0 0 0 0 0 0 0 0 
#qt 013312 0 0 0 0 0 0 0 0 
#qt 013313 0 0 0 0 0 0 0 0 
#qt 013314 0 0 0 0 0 0 0 0 
#qt 013321 0 0 0 0 0 0 0 0 
#qt 013322 0 0 0 0 0 0 0 0 
#qt 013323 0 0 0 0 0 0 0 0 
#qt 013324 1.47931 1.22033 0.633 0.811079 0.919004 0.524043 0.561906 0.925382 
#qt 013331 0 0 0 0 0 0 0 0 
#qt 013332 0 0 0 0 0 0 0 0 
#qt 013333 0 0 0 0 0 0 0 0 
#qt 013334 0 0 0 0 0 0 0 0 
#qt 013341 0 0 0 0 0 0 0 0 
#qt 013342 0 0 0 0 0 0 0 0 
#qt 013343 0 0 0 0 0 0 0 0 
#qt 013344 1.6965 1.51748 0.246617 0.329987 0.559952 0.913138 0.951749 0.310716 
#qt 013411 0 0 0 0 0 0 0 0 
#qt 013412 1.23698 0.446904 1.06396 0.588811 1.00943 0.512401 0.516309 0.630558 
#qt 013413 0 0 0 0 0 0 0 0 
#qt 013414 1.31101 0.95742 1.02165 0.784061 1.11013 0.365444 0.816713 0.760485 
#qt 013421 1.17264 0.661699 0.653615 0.837034 0.442349 0.875035 0.834453 0.872446 
#qt 013422 0 0 0 0 0 0 0 0 
#qt 013423 1.10921 0.423305 0.373723 0.300039 0.738225 0.926775 0.81629 0.774991 
#qt 013424 1.32922 0.994424 0.807071 0.785608 0.846315 1.10861 0.900816 1.14344 
#qt 013431 0 0 0 0 0 0 0 0 
#qt 013432 0 0 0 0 0 0 0 0 
#qt 013433 0 0 0 0 0 0 0 0 
#qt 013434 0.24318 1.40809 0.2944 0.24672 0.292887 0.337152 0.267662 0.312093 
#qt 013441 0.394247 0.369508 1.06945 0.198455 0.164064 0.557703 0.443125 0.387785 
#qt 013442 0.396721 0.258725 0.275073 0.273012 0.358021 0.172136 0.267836 1.22747 
#qt 013443 0.38197 0.146196 0.190114 0.118352 0.423916 0.218402 0.406982 1.23294 
#qt 013444 2.25703 0.60093 0.746558 0.894565 0.876757 0.500071 0.730345 0.788077 
#qt 014111 1.16747 0.736756 0.821961 0.848664 0.840059 0.893104 0.830112 0.913521 
#qt 014112 0 0 0 0 0 0 0 0 
#qt 014113 0 0 0 0 0 0 0 0 
#qt 014114 1.97751 0.258262 0.686302 0.44959 0.853327 0.301355 0.256876 0.447603 
#qt 014121 0 0 0 0 0 0 0 0 
#qt 014122 0 0 0 0 0 0 0 0 
#qt 014123 0 0 0 0 0 0 0 0 
#qt 014124 1.22322 0.190115 0.109944 0.111431 0.111251 0.110521 0.177042 0.207031 
#qt 014131 0 0 0 0 0 0 0 0 
#qt 014132 0 0 0 0 0 0 0 0 
#qt 014133 1.00474 0.107344 0.162855 0.113238 0.114908 0.133497 0.256879 0.128459 
#qt 014134 0.518388 0.169529 0.406429 0.221278 0.227757 0.138105 2.5038 0.341348 
#qt 014141 0 0 0 0 0 0 0 0 
#qt 014142 0 0 0 0 0 0 0 0 
#qt 014143 0 0 0 0 0 0 0 0 
#qt 014144 2.39164 1.8517 1.70139 1.47757 1.367 0.580891 1.09404 0.844146 
#qt 014211 0 0 0 0 0 0 0 0 
#qt 014212 0 0 0 0 0 0 0 0 
#qt 014213 0 0 0 0 0 0 0 0 
#qt 014214 0.700481 0.186396 0.145154 0.106987 0.165786 0.136637 0.182926 0.14544 
#qt 014221 0 0 0 0 0 0 0 0 
#qt 014222 0 0 0 0 0 0 0 0 
#qt 014223 0.229224 0.407073 0.103983 0.211235 0.102669 0.105559 0.190499 1.3349 
#qt 014224 0.254827 0.318554 0.30795 0.260462 0.255856 0.293292 0.247437 2.50429 
#qt 014231 0 0 0 0 0 0 0 0 
#qt 014232 0.151849 0.221605 0.154035 0.153214 0.153321 0.150844 0.151013 0.35503 
#qt 014233 1.52082 0.551532 0.248472 0.284537 0.697792 0.352294 0.488587 0.65035 
#qt 014234 1.72655 0.416541 0.389067 0.36139 0.406825 0.346061 0.336552 0.434488 
#qt 014241 0 0 0 0 0 0 0 0 
#qt 014242 0 0 0 0 0 0 0 0 
#qt 014243 1.65689 0.277949 0.273692 0.446546 0.313371 0.377559 0.217837 0.321196 
#qt 014244 2.53364 1.34007 1.00265 1.2792 1.41716 0.825605 0.676544 1.00745 
#qt 014311 0 0 0 0 0 0 0 0 
#qt 014312 0 0 0 0 0 0 0 0 
#qt 014313 0 0 0 0 0 0 0 0 
#qt 014314 0.979882 0.430973 0.408792 0.4212 0.405234 0.416585 0.271835 0.41193 
#qt 014321 0 0 0 0 0 0 0 0 
#qt 014322 0.152077 1.71955 0.151328 0.153304 0.152375 0.147903 0.198827 0.152135 
#qt 014323 1.26603 0.48939 0.429204 0.421424 0.419786 0.297722 0.363572 0.357053 
#qt 014324 0.415351 0.394744 0.436597 0.362172 0.951903 0.356815 0.399428 0.434545 
#qt 014331 1.15875 0.161783 0.162266 0.161804 0.163589 0.158417 0.190744 0.142778 
#qt 014332 1.4974 0.462086 0.442741 0.442938 0.442806 0.386242 0.351874 0.361406 
#qt 014333 2.03133 0.516234 0.364706 0.390608 0.303333 0.282307 0.298896 0.309276 
#qt 014334 0 0 0 0 0 0 0 0 
#qt 014341 0 0 0 0 0 0 0 0 
#qt 014342 1.93821 0.284146 0.154832 0.294512 0.288351 0.163614 0.283765 0.145035 
#qt 014343 0.774258 1.69178 0.543406 0.477859 0.588945 0.463913 0.286116 0.507742 
#qt 014344 1.91839 0.950903 0.764492 0.713718 0.708645 0.672645 0.720018 0.723865 
#qt 014411 1.91293 0.190308 0.189995 0.15965 0.186029 0.371281 0.169652 0.184618 
#qt 014412 0.157101 0.157411 0.641289 0.127284 0.149954 0.140352 0.157512 0.155285 
#qt 014413 0.103317 0.102825 0.101103 0.0659976 0.0972194 0.102271 0.103789 0.60046 
#qt 014414 0.518634 0.237401 0.520146 0.417315 0.350162 0.509323 0.346487 2.03178 
#qt 014421 0.164458 1.53842 0.186978 0.208894 0.195059 0.162489 0.132335 0.186684 
#qt 014422 2.56238 0.332175 0.358178 0.253155 0.424866 0.307021 0.267164 0.320061 
#qt 014423 1.24168 0.322919 0.320147 0.321945 0.502034 0.333018 0.328384 0.328322 
#qt 014424 1.82812 0.82423 0.590705 0.392186 0.992685 0.808165 0.484252 0.595544 
#qt 014431 2.84755 0.502146 0.474888 0.350358 0.405077 0.325669 0.590209 0.397994 
#qt 014432 0.335402 0.334563 0.336628 0.336234 0.335717 0.290534 0.299681 1.40666 
#qt 014433 0 0 0 0 0 0 0 0 
#qt 014434 2.71529 0.769623 0.63671 0.816563 0.797661 0.460912 0.481022 1.32983 
#qt 014441 2.11587 0.767869 0.542068 0.78029 0.267804 0.910345 1.09981 1.17061 
#qt 014442 3.16397 0.563431 0.787198 0.728175 1.1479 0.977285 0.495606 0.740717 
#qt 014443 2.01184 0.835615 0.817799 0.675016 0.513004 0.528381 0.584779 0.589392 
#qt 014444 3.08105 1.10123 0.923493 1.73274 1.67584 0.907353 1.17555 1.02031 
#qt 021111 0 0 0 0 0 0 0 0 
#qt 021112 0 0 0 0 0 0 0 0 
#qt 021113 0 0 0 0 0 0 0 0 
#qt 021114 0 0 0 0 0 0 0 0 
#qt 021121 0 0 0 0 0 0 0 0 
#qt 021122 0 0 0 0 0 0 0 0 
#qt 021123 0 0 0 0 0 0 0 0 
#qt 021124 0.968447 1.00633 1.06696 0.826831 1.29834 0.717629 1.01649 0.778965 
#qt 021131 0 0 0 0 0 0 0 0 
#qt 021132 0 0 0 0 0 0 0 0 
#qt 021133 0 0 0 0 0 0 0 0 
#qt 021134 0 0 0 0 0 0 0 0 
#qt 021141 0.169031 0.167997 0.18388 0.193001 0.647728 0.162517 0.170022 0.156088 
#qt 021142 0 0 0 0 0 0 0 0 
#qt 021143 0 0 0 0 0 0 0 0 
#qt 021144 0.196826 0.191428 0.202112 0.200321 0.204818 0.824634 0.203422 0.196647 
#qt 021211 0 0 0 0 0 0 0 0 
#qt 021212 0 0 0 0 0 0 0 0 
#qt 021213 0 0 0 0 0 0 0 0 
#qt 021214 0 0 0 0 0 0 0 0 
#qt 021221 0 0 0 0 0 0 0 0 
#qt 021222 0 0 0 0 0 0 0 0 
#qt 021223 0 0 0 0 0 0 0 0 
#qt 021224 0 0 0 0 0 0 0 0 
#qt 021231 0 0 0 0 0 0 0 0 
#qt 021232 0 0 0 0 0 0 0 0 
#qt 021233 0 0 0 0 0 0 0 0 
#qt 021234 0 0 0 0 0 0 0 0 
#qt 021241 0 0 0 0 0 0 0 0 
#qt 021242 0 0 0 0 0 0 0 0 
#qt 021243 0 0 0 0 0 0 0 0 
#qt 021244 0.352936 0.327229 0.352846 0.346846 0.340642 0.339615 0.504335 0.344999 
#qt 021311 0 0 0 0 0 0 0 0 
#qt 021312 0 0 0 0 0 0 0 0 
#qt 021313 0 0 0 0 0 0 0 0 
#qt 021314 0 0 0 0 0 0 0 0 
#qt 021321 0 0 0 0 0 0 0 0 
#qt 021322 0 0 0 0 0 0 0 0 
#qt 021323 0 0 0 0 0 0 0 0 
#qt 021324 0 0 0 0 0 0 0 0 
#qt 021331 0 0 0 0 0 0 0 0 
#qt 021332 0 0 0 0 0 0 0 0 
#qt 021333 0 0 0 0 0 0 0 0 
#qt 021334 0 0 0 0 0 0 0 0 
#qt 021341 0 0 0 0 0 0 0 0 
#qt 021342 0 0 0 0 0 0 0 0 
#qt 021343 0 0 0 0 0 0 0 0 
#qt 021344 0.229015 0.212683 0.242398 0.244068 0.413252 0.24819 0.245987 0.231131 
#qt 021411 0 0 0 0 0 0 0 0 
#qt 021412 0 0 0 0 0 0 0 0 
#qt 021413 0 0 0 0 0 0 0 0 
#qt 021414 0 0 0 0 0 0 0 0 
#qt 021421 1.14969 1.0603 1.01232 1.01886 1.32686 0.632835 1.14968 1.13558 
#qt 021422 0 0 0 0 0 0 0 0 
#qt 021423 0 0 0 0 0 0 0 0 
#qt 021424 0 0 0 0 0 0 0 0 
#qt 021431 0 0 0 0 0 0 0 0 
#qt 021432 0.146809 0.142258 0.253516 0.150889 0.154819 0.153664 0.154897 0.15301 
#qt 021433 0.359842 0.353784 0.367574 0.356595 0.364619 0.442397 0.359297 0.346188 
#qt 021434 0 0 0 0 0 0 0 0 
#qt 021441 0.190104 0.200319 0.266334 0.266196 0.420165 0.19374 0.186672 0.191796 
#qt 021442 0.440483 0.452108 0.445505 0.710674 0.421753 0.442369 0.452431 0.336265 
#qt 021443 0.110863 0.105933 0.131019 0.13036 0.201914 0.129767 0.129427 0.115956 
#qt 021444 0.341559 0.347221 0.383477 0.417648 0.945704 0.41189 0.36554 0.406397 
#qt 022111 0 0 0 0 0 0 0 0 
#qt 022112 0 0 0 0 0 0 0 0 
#qt 022113 0 0 0 0 0 0 0 0 
#qt 022114 0 0 0 0 0 0 0 0 
#qt 022121 0 0 0 0 0 0 0 0 
#qt 022122 0 0 0 0 0 0 0 0 
#qt 022123 0 0 0 0 0 0 0 0 
#qt 022124 0 0 0 0 0 0 0 0 
#qt 022131 0 0 0 0 0 0 0 0 
#qt 022132 0 0 0 0 0 0 0 0 
#qt 022133 0 0 0 0 0 0 0 0 
#qt 022134 0 0 0 0 0 0 0 0 
#qt 022141 0 0 0 0 0 0 0 0 
#qt 022142 0 0 0 0 0 0 0 0 
#qt 022143 0 0 0 0 0 0 0 0 
#qt 022144 0.207769 0.202739 0.190431 0.201195 0.301264 0.209412 0.208683 0.208158 
#qt 022211 0 0 0 0 0 0 0 0 
#qt 022212 0 0 0 0 0 0 0 0 
#qt 022213 0 0 0 0 0 0 0 0 
#qt 022214 0 0 0 0 0 0 0 0 
#qt 022221 0 0 0 0 0 0 0 0 
#qt 022222 0 0 0 0 0 0 0 0 
#qt 022223 0 0 0 0 0 0 0 0 
#qt 022224 0 0 0 0 0 0 0 0 
#qt 022231 0 0 0 0 0 0 0 0 
#qt 022232 0 0 0 0 0 0 0 0 
#qt 022233 0 0 0 0 0 0 0 0 
#qt 022234 0 0 0 0 0 0 0 0 
#qt 022241 0 0 0 0 0 0 0 0 
#qt 022242 0 0 0 0 0 0 0 0 
#qt 022243 0 0 0 0 0 0 0 0 
#qt 022244 0.230724 0.21217 0.229185 0.23137 0.229481 0.220704 0.229182 0.23134 
#qt 022311 0 0 0 0 0 0 0 0 
#qt 022312 0 0 0 0 0 0 0 0 
#qt 022313 0 0 0 0 0 0 0 0 
#qt 022314 0 0 0 0 0 0 0 0 
#qt 022321 0 0 0 0 0 0 0 0 
#qt 022322 0 0 0 0 0 0 0 0 
#qt 022323 0 0 0 0 0 0 0 0 
#qt 022324 0 0 0 0 0 0 0 0 
#qt 022331 0 0 0 0 0 0 0 0 
#qt 022332 0 0 0 0 0 0 0 0 
#qt 022333 0 0 0 0 0 0 0 0 
#qt 022334 0 0 0 0 0 0 0 0 
#qt 022341 0 0 0 0 0 0 0 0 
#qt 022342 0 0 0 0 0 0 0 0 
#qt 022343 0 0 0 0 0 0 0 0 
#qt 022344 0.255416 0.235584 0.250007 0.259885 0.436659 0.255884 0.254804 0.252455 
#qt 022411 0 0 0 0 0 0 0 0 
#qt 022412 0 0 0 0 0 0 0 0 
#qt 022413 0 0 0 0 0 0 0 0 
#qt 022414 0 0 0 0 0 0 0 0 
#qt 022421 0 0 0 0 0 0 0 0 
#qt 022422 0.156305 0.484072 0.15779 0.155823 0.153571 0.154788 0.152943 0.157639 
#qt 022423 0 0 0 0 0 0 0 0 
#qt 022424 0.3556 0.353027 0.357569 0.817116 0.354678 0.328509 0.372143 0.325464 
#qt 022431 0.205918 0.20654 0.207072 0.207197 0.226307 0.189285 0.191722 0.186777 
#qt 022432 0 0 0 0 0 0 0 0 
#qt 022433 0.133893 0.128714 0.134445 0.134801 0.132107 0.132911 0.453133 0.132666 
#qt 022434 0.409217 0.399108 0.407301 0.462174 0.392627 0.401078 0.394077 0.377924 
#qt 022441 0.188246 0.182448 0.206179 0.576129 0.192249 0.174807 0.175161 0.160166 
#qt 022442 0.450436 0.42438 0.419402 0.44758 0.440419 0.420797 0.450559 0.439549 
#qt 022443 0.298423 0.289802 0.306722 0.303432 1.37386 0.300222 0.310713 0.557586 
#qt 022444 0.269558 0.270968 0.833961 0.259608 0.267081 0.266176 0.268235 0.250706 
#qt 023111 0 0 0 0 0 0 0 0 
#qt 023112 0 0 0 0 0 0 0 0 
#qt 023113 0 0 0 0 0 0 0 0 
#qt 023114 0 0 0 0 0 0 0 0 
#qt 023121 0 0 0 0 0 0 0 0 
#qt 023122 0 0 0 0 0 0 0 0 
#qt 023123 0 0 0 0 0 0 0 0 
#qt 023124 0 0 0 0 0 0 0 0 
#qt 023131 0 0 0 0 0 0 0 0 
#qt 023132 0 0 0 0 0 0 0 0 
#qt 023133 0 0 0 0 0 0 0 0 
#qt 023134 0 0 0 0 0 0 0 0 
#qt 023141 0 0 0 0 0 0 0 0 
#qt 023142 0 0 0 0 0 0 0 0 
#qt 023143 0 0 0 0 0 0 0 0 
#qt 023144 0.207066 0.1946 0.208409 0.207123 0.38797 0.187109 0.209083 0.207399 
#qt 023211 0 0 0 0 0 0 0 0 
#qt 023212 0 0 0 0 0 0 0 0 
#qt 023213 0 0 0 0 0 0 0 0 
#qt 023214 0 0 0 0 0 0 0 0 
#qt 023221 0 0 0 0 0 0 0 0 
#qt 023222 0 0 0 0 0 0 0 0 
#qt 023223 0 0 0 0 0 0 0 0 
#qt 023224 0 0 0 0 0 0 0 0 
#qt 023231 0 0 0 0 0 0 0 0 
#qt 023232 0 0 0 0 0 0 0 0 
#qt 023233 0 0 0 0 0 0 0 0 
#qt 023234 0 0 0 0 0 0 0 0 
#qt 023241 0 0 0 0 0 0 0 0 
#qt 023242 0 0 0 0 0 0 0 0 
#qt 023243 0 0 0 0 0 0 0 0 
#qt 023244 0.52324 0.39176 0.408433 0.43578 0.967786 0.910541 0.353897 0.29163 
#qt 023311 0 0 0 0 0 0 0 0 
#qt 023312 0 0 0 0 0 0 0 0 
#qt 023313 0 0 0 0 0 0 0 0 
#qt 023314 0 0 0 0 0 0 0 0 
#qt 023321 0 0 0 0 0 0 0 0 
#qt 023322 0 0 0 0 0 0 0 0 
#qt 023323 0 0 0 0 0 0 0 0 
#qt 023324 0.502272 0.350425 0.541021 0.513967 0.543729 0.393726 0.327528 0.63905 
#qt 023331 0 0 0 0 0 0 0 0 
#qt 023332 0 0 0 0 0 0 0 0 
#qt 023333 0 0 0 0 0 0 0 0 
#qt 023334 0 0 0 0 0 0 0 0 
#qt 023341 0 0 0 0 0 0 0 0 
#qt 023342 0 0 0 0 0 0 0 0 
#qt 023343 0 0 0 0 0 0 0 0 
#qt 023344 0.257928 0.254743 0.257167 0.255105 0.612734 0.260009 0.257227 0.259848 
#qt 023411 0 0 0 0 0 0 0 0 
#qt 023412 0.153008 0.1536 0.153001 0.153957 0.153418 0.150936 0.149831 0.345009 
#qt 023413 0 0 0 0 0 0 0 0 
#qt 023414 0.360703 0.465927 0.359492 0.353588 0.330234 0.289551 0.297279 0.35714 
#qt 023421 0.203066 0.328868 0.201071 0.197719 0.203848 0.193229 0.184358 0.190414 
#qt 023422 0 0 0 0 0 0 0 0 
#qt 023423 0.134018 0.13085 0.134183 0.129972 0.71653 0.12042 0.131781 0.125711 
#qt 023424 0.282308 0.262657 0.30769 0.302922 0.312394 0.416545 0.288468 0.301513 
#qt 023431 0 0 0 0 0 0 0 0 
#qt 023432 0 0 0 0 0 0 0 0 
#qt 023433 0 0 0 0 0 0 0 0 
#qt 023434 0.317617 0.324078 0.319684 0.320854 1.62525 0.31589 0.295408 0.315662 
#qt 023441 0.209557 0.203759 0.24158 1.14463 0.212432 0.173581 0.178616 0.187707 
#qt 023442 0.343031 0.421668 0.326487 0.483291 0.336434 0.339232 0.522054 0.338478 
#qt 023443 0.610486 0.370398 0.233058 0.233441 1.42239 0.312536 0.283693 0.242455 
#qt 023444 0.429125 0.223524 0.228302 0.228915 0.229839 0.221426 0.227394 0.230068 
#qt 024111 0.205203 0.380151 0.192967 0.162594 0.163145 0.180107 0.186828 0.16519 
#qt 024112 0 0 0 0 0 0 0 0 
#qt 024113 0 0 0 0 0 0 0 0 
#qt 024114 0.314265 0.298346 0.294775 0.290955 0.285194 0.300029 0.301862 0.295338 
#qt 024121 0 0 0 0 0 0 0 0 
#qt 024122 0 0 0 0 0 0 0 0 
#qt 024123 0 0 0 0 0 0 0 0 
#qt 024124 1.02225 1.07367 1.08757 1.10983 1.28778 0.674136 0.326047 0.946862 
#qt 024131 0 0 0 0 0 0 0 0 
#qt 024132 0 0 0 0 0 0 0 0 
#qt 024133 0.707854 0.402315 0.801624 0.429806 0.700948 1.00243 0.702433 0.651229 
#qt 024134 0.645027 0.826538 0.982636 0.929159 1.15435 0.42059 0.782914 0.271217 
#qt 024141 0 0 0 0 0 0 0 0 
#qt 024142 0 0 0 0 0 0 0 0 
#qt 024143 0 0 0 0 0 0 0 0 
#qt 024144 0.461949 0.193718 0.198365 0.19262 0.193604 0.193382 0.199077 0.198894 
#qt 024211 0 0 0 0 0 0 0 0 
#qt 024212 0 0 0 0 0 0 0 0 
#qt 024213 0 0 0 0 0 0 0 0 
#qt 024214 0 0 0 0 0 0 0 0 
#qt 024221 0 0 0 0 0 0 0 0 
#qt 024222 0 0 0 0 0 0 0 0 
#qt 024223 0.851441 0.589796 0.233034 0.0720561 0.488 0.458529 0.18 0.39023 
#qt 024224 0.79151 0.473564 0.723639 0.654287 0.999975 0.269186 0.30387 0.485738 
#qt 024231 0 0 0 0 0 0 0 0 
#qt 024232 0.536724 0.438891 0.809997 0.408443 0.351706 0.366799 0.514776 0.553486 
#qt 024233 0.463564 0.487455 0.732421 0.899999 0.799955 0.573456 0.443303 0.441038 
#qt 024234 0.654593 0.479022 0.412102 0.457187 0.667243 0.648811 0.496308 0.441012 
#qt 024241 0 0 0 0 0 0 0 0 
#qt 024242 0 0 0 0 0 0 0 0 
#qt 024243 0.678189 0.537905 0.249609 0.630501 1.00071 0.510565 0.66622 0.519856 
#qt 024244 0.198341 0.19609 0.196473 0.180059 0.197009 1.2984 0.196537 0.198084 
#qt 024311 0 0 0 0 0 0 0 0 
#qt 024312 0 0 0 0 0 0 0 0 
#qt 024313 0 0 0 0 0 0 0 0 
#qt 024314 0 0 0 0 0 0 0 0 
#qt 024321 0 0 0 0 0 0 0 0 
#qt 024322 0.384996 0.817254 0.339744 0.326201 0.488 0.289733 0.258686 0.183683 
#qt 024323 0.259193 0.380918 0.472257 0.899974 0.2 0.334538 0.199098 0.262764 
#qt 024324 0.559323 0.445558 0.548573 0.417419 0.340843 0.55209 0.555745 0.510534 
#qt 024331 0.447539 0.933758 0.912894 1.23354 0.807858 1.00532 1.04504 1.02318 
#qt 024332 0.405721 0.27984 0.809956 0.703484 0.685537 0.321716 0.358797 0.118426 
#qt 024333 0.671959 0.269063 0.484666 0.531085 0.735641 1.19312 0.794702 0.599696 
#qt 024334 0 0 0 0 0 0 0 0 
#qt 024341 0 0 0 0 0 0 0 0 
#qt 024342 0.258049 0.400079 0.964004 0.252687 0.284861 0.243574 0.224641 0.206842 
#qt 024343 0.250211 0.334217 1.19141 0.248358 0.332114 0.25769 0.334021 0.33377 
#qt 024344 0.350128 0.348323 0.34666 0.343902 1.57794 0.212436 0.253551 0.287021 
#qt 024411 0.139102 0.171856 0.207453 0.758268 0.131582 0.126489 0.356621 0.13984 
#qt 024412 0 0 0 0 0 0 0 0 
#qt 024413 0 0 0 0 0 0 0 0 
#qt 024414 0.367231 0.354008 0.424626 0.70358 0.41304 0.34355 0.349063 0.321588 
#qt 024421 1.10089 0 0.665621 0.382739 0 0.575434 0.680356 0.682821 
#qt 024422 1.15624 0.664513 0.653294 0.284827 1.12047 0.262285 0.419138 0.693054 
#qt 024423 0.55382 0.825195 0.597977 0.624991 1.31991 0.846613 0.69703 0.689685 
#qt 024424 0.3117 0.290266 0.312668 0.300929 1.8053 0.307662 0.312283 0.310478 
#qt 024431 0.689892 0.647465 0.957935 1.28689 0.975511 0.54156 1.05888 0.574126 
#qt 024432 0.515259 0.36845 0.711322 0.749295 0.476349 0.455375 0.645627 0.3791 
#qt 024433 0 0 0 0 0 0 0 0 
#qt 024434 0.308083 0.30094 0.288866 0.305751 1.21489 0.305965 0.306955 0.306743 
#qt 024441 0.729097 0.969078 0.237737 2.17784 0.760248 0.593216 0.724948 0.205855 
#qt 024442 0.577854 0.581793 0.584087 0.992045 0.566907 0.5705 0.495926 0.410501 
#qt 024443 0.357067 0.35589 0.356679 0.353268 0.804697 0.354722 0.347892 0.356121 
#qt 024444 0.196746 0.196444 0.196732 0.195318 0.196248 0.198043 0.714598 0.195201 
#qt 101111 0 0 0 0 0 0 0 0 
#qt 101112 0 0 0 0 0 0 0 0 
#qt 101113 0 0 0 0 0 0 0 0 
#qt 101114 0 0 0 0 0 0 0 0 
#qt 101121 0 0 0 0 0 0 0 0 
#qt 101122 0 0 0 0 0 0 0 0 
#qt 101123 0 0 0 0 0 0 0 0 
#qt 101124 0.892713 0.915683 0.900764 0.811471 0.741399 0.848142 1.13328 0.814526 
#qt 101131 0 0 0 0 0 0 0 0 
#qt 101132 0 0 0 0 0 0 0 0 
#qt 101133 0 0 0 0 0 0 0 0 
#qt 101134 0 0 0 0 0 0 0 0 
#qt 101141 0 0 0 0 0 0 0 0 
#qt 101142 0 0 0 0 0 0 0 0 
#qt 101143 0 0 0 0 0 0 0 0 
#qt 101144 0.132753 0.12798 0.270879 0.141168 0.143038 0.791944 0.21708 0.142329 
#qt 101211 0 0 0 0 0 0 0 0 
#qt 101212 0 0 0 0 0 0 0 0 
#qt 101213 0 0 0 0 0 0 0 0 
#qt 101214 0 0 0 0 0 0 0 0 
#qt 101221 0 0 0 0 0 0 0 0 
#qt 101222 0 0 0 0 0 0 0 0 
#qt 101223 0 0 0 0 0 0 0 0 
#qt 101224 0 0 0 0 0 0 0 0 
#qt 101231 0 0 0 0 0 0 0 0 
#qt 101232 0 0 0 0 0 0 0 0 
#qt 101233 0 0 0 0 0 0 0 0 
#qt 101234 0 0 0 0 0 0 0 0 
#qt 101241 0 0 0 0 0 0 0 0 
#qt 101242 0 0 0 0 0 0 0 0 
#qt 101243 0 0 0 0 0 0 0 0 
#qt 101244 0.778874 1.02047 0.413771 0.551847 0.743549 0.523428 1.21474 1.0276 
#qt 101311 0 0 0 0 0 0 0 0 
#qt 101312 0 0 0 0 0 0 0 0 
#qt 101313 0 0 0 0 0 0 0 0 
#qt 101314 0 0 0 0 0 0 0 0 
#qt 101321 0 0 0 0 0 0 0 0 
#qt 101322 0 0 0 0 0 0 0 0 
#qt 101323 0 0 0 0 0 0 0 0 
#qt 101324 0 0 0 0 0 0 0 0 
#qt 101331 0 0 0 0 0 0 0 0 
#qt 101332 0 0 0 0 0 0 0 0 
#qt 101333 0 0 0 0 0 0 0 0 
#qt 101334 0 0 0 0 0 0 0 0 
#qt 101341 0 0 0 0 0 0 0 0 
#qt 101342 0 0 0 0 0 0 0 0 
#qt 101343 0 0 0 0 0 0 0 0 
#qt 101344 1.01964 1.06099 0.631396 0.703361 0.897222 0.699565 1.38903 0.977181 
#qt 101411 0 0 0 0 0 0 0 0 
#qt 101412 0 0 0 0 0 0 0 0 
#qt 101413 0 0 0 0 0 0 0 0 
#qt 101414 0.868679 0.491097 0.760068 0.877955 0.564622 0.850621 0.575198 1.13452 
#qt 101421 0.889958 0.598336 0.834185 0.759363 0.79463 1.04904 0.887093 0.890812 
#qt 101422 0 0 0 0 0 0 0 0 
#qt 101423 0 0 0 0 0 0 0 0 
#qt 101424 0 0 0 0 0 0 0 0 
#qt 101431 0 0 0 0 0 0 0 0 
#qt 101432 1.09795 1.0351 0.736998 0.476406 0.840759 0.880242 1.32139 1.02232 
#qt 101433 0.452358 0.748516 0.402358 0.331195 0.474745 0.494401 1.29928 0.522514 
#qt 101434 0 0 0 0 0 0 0 0 
#qt 101441 0.122961 0.141679 0.141699 0.176056 1.03901 0.179985 0.133788 0.116612 
#qt 101442 0.96944 0.419875 0.354036 0.51337 0.455758 0.771901 1.3214 0.393144 
#qt 101443 1.03322 1.03565 0.404228 0.525425 0.425238 0.822119 1.20118 1.01114 
#qt 101444 0.403528 0.402233 0.511144 0.348329 1.4624 0.435493 0.434672 0.410138 
#qt 102111 0 0 0 0 0 0 0 0 
#qt 102112 0 0 0 0 0 0 0 0 
#qt 102113 0 0 0 0 0 0 0 0 
#qt 102114 0 0 0 0 0 0 0 0 
#qt 102121 0 0 0 0 0 0 0 0 
#qt 102122 0 0 0 0 0 0 0 0 
#qt 102123 0 0 0 0 0 0 0 0 
#qt 102124 0 0 0 0 0 0 0 0 
#qt 102131 0 0 0 0 0 0 0 0 
#qt 102132 0 0 0 0 0 0 0 0 
#qt 102133 0 0 0 0 0 0 0 0 
#qt 102134 0 0 0 0 0 0 0 0 
#qt 102141 0 0 0 0 0 0 0 0 
#qt 102142 0 0 0 0 0 0 0 0 
#qt 102143 0 0 0 0 0 0 0 0 
#qt 102144 0.32968 0.170147 0.69198 0.152401 1.14001 0.584454 0.191924 0.194204 
#qt 102211 0 0 0 0 0 0 0 0 
#qt 102212 0 0 0 0 0 0 0 0 
#qt 102213 0 0 0 0 0 0 0 0 
#qt 102214 0 0 0 0 0 0 0 0 
#qt 102221 0 0 0 0 0 0 0 0 
#qt 102222 0 0 0 0 0 0 0 0 
#qt 102223 0 0 0 0 0 0 0 0 
#qt 102224 0 0 0 0 0 0 0 0 
#qt 102231 0 0 0 0 0 0 0 0 
#qt 102232 0 0 0 0 0 0 0 0 
#qt 102233 0 0 0 0 0 0 0 0 
#qt 102234 0 0 0 0 0 0 0 0 
#qt 102241 0 0 0 0 0 0 0 0 
#qt 102242 0 0 0 0 0 0 0 0 
#qt 102243 0 0 0 0 0 0 0 0 
#qt 102244 0.496549 0.407312 0.342989 0.407213 0.404884 0.547864 1.3686 0.615361 
#qt 102311 0 0 0 0 0 0 0 0 
#qt 102312 0 0 0 0 0 0 0 0 
#qt 102313 0 0 0 0 0 0 0 0 
#qt 102314 0 0 0 0 0 0 0 0 
#qt 102321 0 0 0 0 0 0 0 0 
#qt 102322 0 0 0 0 0 0 0 0 
#qt 102323 0 0 0 0 0 0 0 0 
#qt 102324 0 0 0 0 0 0 0 0 
#qt 102331 0 0 0 0 0 0 0 0 
#qt 102332 0 0 0 0 0 0 0 0 
#qt 102333 0 0 0 0 0 0 0 0 
#qt 102334 0 0 0 0 0 0 0 0 
#qt 102341 0 0 0 0 0 0 0 0 
#qt 102342 0 0 0 0 0 0 0 0 
#qt 102343 0 0 0 0 0 0 0 0 
#qt 102344 0.502217 0.193573 0.472495 0.389177 0.310638 0.454957 1.63062 0.651683 
#qt 102411 0 0 0 0 0 0 0 0 
#qt 102412 0 0 0 0 0 0 0 0 
#qt 102413 0 0 0 0 0 0 0 0 
#qt 102414 0.890464 0.645688 0.590841 0.994329 0.974374 0.971897 1.25759 0.980473 
#qt 102421 0 0 0 0 0 0 0 0 
#qt 102422 0.414411 0.359148 0.408429 0.755445 0.820032 0.914061 1.179 0.528474 
#qt 102423 0 0 0 0 0 0 0 0 
#qt 102424 0.193235 0.239112 0.363732 0.325715 0.320453 1.05588 0.403791 0.268873 
#qt 102431 0 0 0 0 0 0 0 0 
#qt 102432 0 0 0 0 0 0 0 0 
#qt 102433 0.193703 0.193855 0.222769 0.206624 0.206945 0.962612 0.200381 0.196325 
#qt 102434 0.596477 0.630041 1.11818 0.841858 0.812984 0.700311 2.0365 0.478798 
#qt 102441 0 0 0 0 0 0 0 0 
#qt 102442 0.208316 0.211336 0.216466 0.392818 0.347291 0.375983 1.17361 0.186432 
#qt 102443 0.0815273 0.0809117 0.0811206 0.0798827 0.339137 0.0812512 0.081731 0.0818527 
#qt 102444 0.362762 0.350121 0.382066 0.399616 0.480384 1.82739 0.481974 0.475118 
#qt 103111 0 0 0 0 0 0 0 0 
#qt 103112 0 0 0 0 0 0 0 0 
#qt 103113 0 0 0 0 0 0 0 0 
#qt 103114 0 0 0 0 0 0 0 0 
#qt 103121 0 0 0 0 0 0 0 0 
#qt 103122 0 0 0 0 0 0 0 0 
#qt 103123 0 0 0 0 0 0 0 0 
#qt 103124 0 0 0 0 0 0 0 0 
#qt 103131 0 0 0 0 0 0 0 0 
#qt 103132 0 0 0 0 0 0 0 0 
#qt 103133 0 0 0 0 0 0 0 0 
#qt 103134 0 0 0 0 0 0 0 0 
#qt 103141 0 0 0 0 0 0 0 0 
#qt 103142 0 0 0 0 0 0 0 0 
#qt 103143 0 0 0 0 0 0 0 0 
#qt 103144 1.05167 0.729915 0.836915 0.653571 0.479648 0.465888 0.900929 0.689404 
#qt 103211 0 0 0 0 0 0 0 0 
#qt 103212 0 0 0 0 0 0 0 0 
#qt 103213 0 0 0 0 0 0 0 0 
#qt 103214 0 0 0 0 0 0 0 0 
#qt 103221 0 0 0 0 0 0 0 0 
#qt 103222 0 0 0 0 0 0 0 0 
#qt 103223 0 0 0 0 0 0 0 0 
#qt 103224 0 0 0 0 0 0 0 0 
#qt 103231 0 0 0 0 0 0 0 0 
#qt 103232 0 0 0 0 0 0 0 0 
#qt 103233 0 0 0 0 0 0 0 0 
#qt 103234 0 0 0 0 0 0 0 0 
#qt 103241 0 0 0 0 0 0 0 0 
#qt 103242 0 0 0 0 0 0 0 0 
#qt 103243 0 0 0 0 0 0 0 0 
#qt 103244 0.910676 0.84687 0.492045 0.524506 0.707776 0.566783 1.40875 0.850291 
#qt 103311 0 0 0 0 0 0 0 0 
#qt 103312 0 0 0 0 0 0 0 0 
#qt 103313 0 0 0 0 0 0 0 0 
#qt 103314 0 0 0 0 0 0 0 0 
#qt 103321 0 0 0 0 0 0 0 0 
#qt 103322 0 0 0 0 0 0 0 0 
#qt 103323 0 0 0 0 0 0 0 0 
#qt 103324 0.646694 0.593485 1.27295 0.426242 0.625506 0.782904 1.39019 0.707556 
#qt 103331 0 0 0 0 0 0 0 0 
#qt 103332 0 0 0 0 0 0 0 0 
#qt 103333 0 0 0 0 0 0 0 0 
#qt 103334 0 0 0 0 0 0 0 0 
#qt 103341 0 0 0 0 0 0 0 0 
#qt 103342 0 0 0 0 0 0 0 0 
#qt 103343 0 0 0 0 0 0 0 0 
#qt 103344 0.601697 0.713998 0.359626 0.501423 0.801447 0.909324 1.47862 0.648041 
#qt 103411 0 0 0 0 0 0 0 0 
#qt 103412 0.788838 0.468065 0.834728 0.67979 1.01907 1.01475 1.18235 0.494612 
#qt 103413 0 0 0 0 0 0 0 0 
#qt 103414 1.02264 0.850112 1.01037 0.640825 1.0678 0.424534 1.15715 1.17163 
#qt 103421 0 0 0 0 0 0 0 0 
#qt 103422 0 0 0 0 0 0 0 0 
#qt 103423 0.39004 0.317772 0.415439 0.259478 0.537977 0.971825 1.3074 0.714142 
#qt 103424 0.994882 1.00254 0.999038 0.476947 0.52689 1.0159 1.28856 0.937769 
#qt 103431 0 0 0 0 0 0 0 0 
#qt 103432 0 0 0 0 0 0 0 0 
#qt 103433 0 0 0 0 0 0 0 0 
#qt 103434 0.475622 0.475667 0.582093 0.517605 0.510127 0.514615 0.739731 1.30365 
#qt 103441 0 0 0 0 0 0 0 0 
#qt 103442 0.231462 0.404399 0.298833 0.481834 0.175072 0.0816757 2.01419 0.118517 
#qt 103443 0.461924 0.482162 0.691054 0.415171 0.438762 0.882676 1.36509 0.775723 
#qt 103444 0.101145 0.358149 0.271133 0.345853 0.0825539 0.08554 2.24683 0.284492 
#qt 104111 0 0 0 0 0 0 0 0 
#qt 104112 0 0 0 0 0 0 0 0 
#qt 104113 0 0 0 0 0 0 0 0 
#qt 104114 0.782202 0.161032 0.135247 0.155311 0.154944 0.156388 0.161578 0.160922 
#qt 104121 0 0 0 0 0 0 0 0 
#qt 104122 0 0 0 0 0 0 0 0 
#qt 104123 0 0 0 0 0 0 0 0 
#qt 104124 0.641736 0.77334 0.574518 0.618529 0.615774 0.834141 0.757007 1.02712 
#qt 104131 0 0 0 0 0 0 0 0 
#qt 104132 0 0 0 0 0 0 0 0 
#qt 104133 0.536605 0.362253 0.756372 0.373282 0.816945 0.992406 0.89186 0.806871 
#qt 104134 0.525949 0.848946 0.851369 0.835629 0.766372 0.760474 1.12223 0.486575 
#qt 104141 0 0 0 0 0 0 0 0 
#qt 104142 0 0 0 0 0 0 0 0 
#qt 104143 0 0 0 0 0 0 0 0 
#qt 104144 0.113044 0.082879 0.18077 0.0533369 0.0960207 0.0844573 0.506879 0.14055 
#qt 104211 0 0 0 0 0 0 0 0 
#qt 104212 0 0 0 0 0 0 0 0 
#qt 104213 0 0 0 0 0 0 0 0 
#qt 104214 0.899122 0.518465 0.723281 0.777862 0.610551 0.84149 1.05249 0.786676 
#qt 104221 0 0 0 0 0 0 0 0 
#qt 104222 0 0 0 0 0 0 0 0 
#qt 104223 0.79173 0.760542 0.407076 0.390851 0.795792 0.947043 0.778329 0.416993 
#qt 104224 0.791291 0.720217 0.728242 0.665821 0.755493 0.797326 1.02904 0.693201 
#qt 104231 0 0 0 0 0 0 0 0 
#qt 104232 0.432379 0.098247 0 0 0.643012 0.759782 1.05638 0.379056 
#qt 104233 0.371656 0.406967 0.528843 0.635449 0.959924 0.798126 0.736766 0.449114 
#qt 104234 0.530937 0.553539 0.88395 0.46077 0.413472 0.880415 1.30084 0.960492 
#qt 104241 0 0 0 0 0 0 0 0 
#qt 104242 0 0 0 0 0 0 0 0 
#qt 104243 0.969093 0.467944 0.502815 0.390661 0.451834 0.454858 0.578573 0.425281 
#qt 104244 0.232258 0.23865 0.23633 0.504199 0.240268 0.236014 0.184471 0.232448 
#qt 104311 0 0 0 0 0 0 0 0 
#qt 104312 0 0 0 0 0 0 0 0 
#qt 104313 0 0 0 0 0 0 0 0 
#qt 104314 0.857315 1.15798 0.659083 0.819825 0.915937 0.801349 0.456373 0.498306 
#qt 104321 0 0 0 0 0 0 0 0 
#qt 104322 0.18569 0.221908 0.839252 0.378711 0.194204 0 0.73064 0.637632 
#qt 104323 0.894735 0.676466 0.662677 0.655451 0.748049 1.01982 0.976429 0.816881 
#qt 104324 0.954309 0.239233 0.344617 0.455917 0.513582 0.734886 0.858193 1.23145 
#qt 104331 0 0 0 0 0 0 0 0 
#qt 104332 0.439398 0.383802 0.376783 0.651742 0.443765 0.697857 1.18329 0.675969 
#qt 104333 0.386787 0.315463 0.545133 0.40554 0.524469 0.409079 0.789898 0.94922 
#qt 104334 0 0 0 0 0 0 0 0 
#qt 104341 0 0 0 0 0 0 0 0 
#qt 104342 0.86586 0.403951 0.416994 0.344116 0.395968 0.353687 0.369061 0.416381 
#qt 104343 0.331046 0.142005 0.149121 0.243771 0.387424 1.39977 0.163326 0.21863 
#qt 104344 0.0831643 0.152882 0.0804509 0.478997 0.0808918 0.0797687 0.0812272 0.080356 
#qt 104411 0.232024 0.170959 0.193089 0.634078 0.144338 0.636988 0.775391 1.03456 
#qt 104412 1.22927 0 0.255977 0.565997 0.0416162 0.807095 0.493135 0.31308 
#qt 104413 0.54041 0.179947 0.216647 0.693234 0.855721 0.653703 1.07681 0.456437 
#qt 104414 0.247532 0.151993 0.15172 0.148392 0.146702 1.74987 0.152277 0.248595 
#qt 104421 0 0 0 0 0 0 0 0 
#qt 104422 0.80727 0.713514 0.745731 0.663605 0.860901 0.874217 1.26904 0.811151 
#qt 104423 0.692292 0.537128 0.493314 0.384794 0.354663 0.757971 1.08517 0.709738 
#qt 104424 1.57469 0.28811 0.290045 0.29335 0.300204 0.189222 0.30146 0.295345 
#qt 104431 0.237057 0.254573 0.354365 0.339429 0.335928 0.299704 0.250979 0.253232 
#qt 104432 0.559629 0.492454 0.392762 0.292909 0.570902 0.91755 0.958761 1.002 
#qt 104433 0 0 0 0 0 0 0 0 
#qt 104434 0.481299 0.364061 0.361983 0.450952 0.551729 1.63641 0.359383 0.57532 
#qt 104441 0.083387 0.177669 0.0846044 0.083151 0.0825391 0.0832726 0.0647457 0.0902504 
#qt 104442 0.350754 0.320495 0.406147 0.33244 0.313778 1.89902 0.49563 0.778221 
#qt 104443 0.354909 0.156333 0.159948 0.23424 0.289671 1.54926 0.384813 0.158795 
#qt 104444 0.302509 0.244197 0.306281 0.298822 0.315617 0.312808 1.80089 0.29595 
#qt 111111 0 0 0 0 0 0 0 0 
#qt 111112 0 0 0 0 0 0 0 0 
#qt 111113 0 0 0 0 0 0 0 0 
#qt 111114 0 0 0 0 0 0 0 0 
#qt 111121 0 0 0 0 0 0 0 0 
#qt 111122 0 0 0 0 0 0 0 0 
#qt 111123 0 0 0 0 0 0 0 0 
#qt 111124 0.0739075 0.0847975 0.326143 0.17742 0.283973 0.136632 2.25411 0.34714 
#qt 111131 0 0 0 0 0 0 0 0 
#qt 111132 0 0 0 0 0 0 0 0 
#qt 111133 0 0 0 0 0 0 0 0 
#qt 111134 0 0 0 0 0 0 0 0 
#qt 111141 0 0 0 0 0 0 0 0 
#qt 111142 0 0 0 0 0 0 0 0 
#qt 111143 0 0 0 0 0 0 0 0 
#qt 111144 0.0708036 0.0727189 0.0785908 0.160476 0.0840168 0.0855421 0.0848873 0.0847947 
#qt 111211 0 0 0 0 0 0 0 0 
#qt 111212 0 0 0 0 0 0 0 0 
#qt 111213 0 0 0 0 0 0 0 0 
#qt 111214 0 0 0 0 0 0 0 0 
#qt 111221 0 0 0 0 0 0 0 0 
#qt 111222 0 0 0 0 0 0 0 0 
#qt 111223 0 0 0 0 0 0 0 0 
#qt 111224 0 0 0 0 0 0 0 0 
#qt 111231 0 0 0 0 0 0 0 0 
#qt 111232 0 0 0 0 0 0 0 0 
#qt 111233 0 0 0 0 0 0 0 0 
#qt 111234 0 0 0 0 0 0 0 0 
#qt 111241 0 0 0 0 0 0 0 0 
#qt 111242 0 0 0 0 0 0 0 0 
#qt 111243 0 0 0 0 0 0 0 0 
#qt 111244 0 0 0 0 0 0 0 0 
#qt 111311 0 0 0 0 0 0 0 0 
#qt 111312 0 0 0 0 0 0 0 0 
#qt 111313 0 0 0 0 0 0 0 0 
#qt 111314 0 0 0 0 0 0 0 0 
#qt 111321 0 0 0 0 0 0 0 0 
#qt 111322 0 0 0 0 0 0 0 0 
#qt 111323 0 0 0 0 0 0 0 0 
#qt 111324 0 0 0 0 0 0 0 0 
#qt 111331 0 0 0 0 0 0 0 0 
#qt 111332 0 0 0 0 0 0 0 0 
#qt 111333 0 0 0 0 0 0 0 0 
#qt 111334 0 0 0 0 0 0 0 0 
#qt 111341 0 0 0 0 0 0 0 0 
#qt 111342 0 0 0 0 0 0 0 0 
#qt 111343 0 0 0 0 0 0 0 0 
#qt 111344 0 0 0 0 0 0 0 0 
#qt 111411 0 0 0 0 0 0 0 0 
#qt 111412 0 0 0 0 0 0 0 0 
#qt 111413 0 0 0 0 0 0 0 0 
#qt 111414 0.299223 0.0848267 0.176518 0.0671959 0.324136 0.295931 0.085771 0.935435 
#qt 111421 0.122951 0.222433 0.227909 0.161055 0.184662 0.391869 0.234195 0.202732 
#qt 111422 0 0 0 0 0 0 0 0 
#qt 111423 0 0 0 0 0 0 0 0 
#qt 111424 0 0 0 0 0 0 0 0 
#qt 111431 0 0 0 0 0 0 0 0 
#qt 111432 0 0 0 0 0 0 0 0 
#qt 111433 0 0 0 0 0 0 0 0 
#qt 111434 0 0 0 0 0 0 0 0 
#qt 111441 0.342194 0.0826482 0.191182 0.0829608 1.00435 0.0841264 0.338732 0.0884173 
#qt 111442 0.494815 0.176891 0.213478 0.597771 0.563592 0.233377 0.17983 1.3214 
#qt 111443 0 0 0 0 0 0 0 0 
#qt 111444 0.16238 0.0864472 0.0860571 0.0855178 0.0852619 1.0424 0.0843842 0.0850589 
#qt 112111 0 0 0 0 0 0 0 0 
#qt 112112 0 0 0 0 0 0 0 0 
#qt 112113 0 0 0 0 0 0 0 0 
#qt 112114 0 0 0 0 0 0 0 0 
#qt 112121 0 0 0 0 0 0 0 0 
#qt 112122 0 0 0 0 0 0 0 0 
#qt 112123 0 0 0 0 0 0 0 0 
#qt 112124 0 0 0 0 0 0 0 0 
#qt 112131 0 0 0 0 0 0 0 0 
#qt 112132 0 0 0 0 0 0 0 0 
#qt 112133 0 0 0 0 0 0 0 0 
#qt 112134 0 0 0 0 0 0 0 0 
#qt 112141 0 0 0 0 0 0 0 0 
#qt 112142 0 0 0 0 0 0 0 0 
#qt 112143 0 0 0 0 0 0 0 0 
#qt 112144 0.592545 0.631359 0.661691 0.334884 0.548437 0.499378 0.572562 1.49686 
#qt 112211 0 0 0 0 0 0 0 0 
#qt 112212 0 0 0 0 0 0 0 0 
#qt 112213 0 0 0 0 0 0 0 0 
#qt 112214 0 0 0 0 0 0 0 0 
#qt 112221 0 0 0 0 0 0 0 0 
#qt 112222 0 0 0 0 0 0 0 0 
#qt 112223 0 0 0 0 0 0 0 0 
#qt 112224 0 0 0 0 0 0 0 0 
#qt 112231 0 0 0 0 0 0 0 0 
#qt 112232 0 0 0 0 0 0 0 0 
#qt 112233 0 0 0 0 0 0 0 0 
#qt 112234 0 0 0 0 0 0 0 0 
#qt 112241 0 0 0 0 0 0 0 0 
#qt 112242 0 0 0 0 0 0 0 0 
#qt 112243 0 0 0 0 0 0 0 0 
#qt 112244 0.632926 0.504061 0.583 0.409386 0.602996 0.704228 1.09237 0.847847 
#qt 112311 0 0 0 0 0 0 0 0 
#qt 112312 0 0 0 0 0 0 0 0 
#qt 112313 0 0 0 0 0 0 0 0 
#qt 112314 0 0 0 0 0 0 0 0 
#qt 112321 0 0 0 0 0 0 0 0 
#qt 112322 0 0 0 0 0 0 0 0 
#qt 112323 0 0 0 0 0 0 0 0 
#qt 112324 0 0 0 0 0 0 0 0 
#qt 112331 0 0 0 0 0 0 0 0 
#qt 112332 0 0 0 0 0 0 0 0 
#qt 112333 0 0 0 0 0 0 0 0 
#qt 112334 0 0 0 0 0 0 0 0 
#qt 112341 0 0 0 0 0 0 0 0 
#qt 112342 0 0 0 0 0 0 0 0 
#qt 112343 0 0 0 0 0 0 0 0 
#qt 112344 1.20406 1.00842 1.02322 1.07314 1.00703 1.06824 1.076 1.39059 
#qt 112411 0 0 0 0 0 0 0 0 
#qt 112412 0 0 0 0 0 0 0 0 
#qt 112413 0 0 0 0 0 0 0 0 
#qt 112414 0.181013 0.0685633 0.0807797 0.250116 0.0941089 0.0780022 0.671183 0.0931288 
#qt 112421 0 0 0 0 0 0 0 0 
#qt 112422 0.817317 0.759354 0.291325 0.713641 0.705465 0.777253 0.832793 1.32139 
#qt 112423 0 0 0 0 0 0 0 0 
#qt 112424 0.229177 0.344035 0.346531 0.375489 0.355542 1.12768 0.552896 0.220909 
#qt 112431 0 0 0 0 0 0 0 0 
#qt 112432 0 0 0 0 0 0 0 0 
#qt 112433 0.351659 0.296766 0.213279 0.476654 0.30754 1.06551 0.601995 0.462386 
#qt 112434 0.207735 1.07775 0.499055 0.163026 0.336098 0.222901 0.494135 0.376246 
#qt 112441 0 0 0 0 0 0 0 0 
#qt 112442 1.18925 0.213093 0.191177 0.182069 0.310903 0.455278 0.232608 0.17741 
#qt 112443 0.247832 0.225346 1.15159 0.2552 0.164627 0.147337 0.149262 0.150174 
#qt 112444 0.535702 0.538833 0.553207 0.588955 0.821289 1.63201 0.491738 0.537338 
#qt 113111 0 0 0 0 0 0 0 0 
#qt 113112 0 0 0 0 0 0 0 0 
#qt 113113 0 0 0 0 0 0 0 0 
#qt 113114 0 0 0 0 0 0 0 0 
#qt 113121 0 0 0 0 0 0 0 0 
#qt 113122 0 0 0 0 0 0 0 0 
#qt 113123 0 0 0 0 0 0 0 0 
#qt 113124 0 0 0 0 0 0 0 0 
#qt 113131 0 0 0 0 0 0 0 0 
#qt 113132 0 0 0 0 0 0 0 0 
#qt 113133 0 0 0 0 0 0 0 0 
#qt 113134 0 0 0 0 0 0 0 0 
#qt 113141 0 0 0 0 0 0 0 0 
#qt 113142 0 0 0 0 0 0 0 0 
#qt 113143 0 0 0 0 0 0 0 0 
#qt 113144 0.469832 1.03708 0.561516 0.816635 0.347617 0.498261 0.57682 1.47113 
#qt 113211 0 0 0 0 0 0 0 0 
#qt 113212 0 0 0 0 0 0 0 0 
#qt 113213 0 0 0 0 0 0 0 0 
#qt 113214 0 0 0 0 0 0 0 0 
#qt 113221 0 0 0 0 0 0 0 0 
#qt 113222 0 0 0 0 0 0 0 0 
#qt 113223 0 0 0 0 0 0 0 0 
#qt 113224 0 0 0 0 0 0 0 0 
#qt 113231 0 0 0 0 0 0 0 0 
#qt 113232 0 0 0 0 0 0 0 0 
#qt 113233 0 0 0 0 0 0 0 0 
#qt 113234 0 0 0 0 0 0 0 0 
#qt 113241 0 0 0 0 0 0 0 0 
#qt 113242 0 0 0 0 0 0 0 0 
#qt 113243 0 0 0 0 0 0 0 0 
#qt 113244 1.05127 0.331446 0.832407 0.393334 0.432811 0.529308 0.379558 1.3686 
#qt 113311 0 0 0 0 0 0 0 0 
#qt 113312 0 0 0 0 0 0 0 0 
#qt 113313 0 0 0 0 0 0 0 0 
#qt 113314 0 0 0 0 0 0 0 0 
#qt 113321 0 0 0 0 0 0 0 0 
#qt 113322 0 0 0 0 0 0 0 0 
#qt 113323 0 0 0 0 0 0 0 0 
#qt 113324 1.23692 1.10442 0.57791 0.435558 0.767366 0.418843 0.684417 2.01322 
#qt 113331 0 0 0 0 0 0 0 0 
#qt 113332 0 0 0 0 0 0 0 0 
#qt 113333 0 0 0 0 0 0 0 0 
#qt 113334 0 0 0 0 0 0 0 0 
#qt 113341 0 0 0 0 0 0 0 0 
#qt 113342 0 0 0 0 0 0 0 0 
#qt 113343 0 0 0 0 0 0 0 0 
#qt 113344 0.805012 0.499851 0.453683 0.276786 0.575671 0.44144 0.767918 1.44947 
#qt 113411 0 0 0 0 0 0 0 0 
#qt 113412 0.766078 0.530485 0.777206 0.445102 0.972324 0.698392 0.943421 1.17897 
#qt 113413 0 0 0 0 0 0 0 0 
#qt 113414 0.209678 0.383947 0.208904 0.244522 0.35722 0.39245 0.394603 0.560028 
#qt 113421 0 0 0 0 0 0 0 0 
#qt 113422 0 0 0 0 0 0 0 0 
#qt 113423 0.443968 0.553562 0.351931 0.352369 0.454906 1.05504 1.04195 1.23698 
#qt 113424 0.738219 0.705974 0.21262 0.213065 0.462425 0.689251 0.55671 1.31101 
#qt 113431 0 0 0 0 0 0 0 0 
#qt 113432 0 0 0 0 0 0 0 0 
#qt 113433 0 0 0 0 0 0 0 0 
#qt 113434 0.0820384 0.0830517 0.0823505 0.0826145 0.902995 0.0829554 0.285801 0.0828181 
#qt 113441 0 0 0 0 0 0 0 0 
#qt 113442 0.485668 0.484792 0.40389 0.437251 0.302698 0.384889 0.936489 0.41429 
#qt 113443 0.429826 0.393756 0.370158 0.427074 0.294926 0.417387 0.448331 1.49602 
#qt 113444 0.469422 0.342014 0.276731 0.384865 0.189414 0.416165 1.99645 0.38748 
#qt 114111 0 0 0 0 0 0 0 0 
#qt 114112 0 0 0 0 0 0 0 0 
#qt 114113 0 0 0 0 0 0 0 0 
#qt 114114 1.52905 0.157093 0.0706037 0.220449 0.171435 0.172391 0.0761424 0.0769888 
#qt 114121 0 0 0 0 0 0 0 0 
#qt 114122 0 0 0 0 0 0 0 0 
#qt 114123 0 0 0 0 0 0 0 0 
#qt 114124 0.586139 0.070443 0.0576481 0.0646627 0.0835324 0.154349 0.0918033 0.0831212 
#qt 114131 0 0 0 0 0 0 0 0 
#qt 114132 0 0 0 0 0 0 0 0 
#qt 114133 1.9333 0.162697 0.157514 0.163216 0.164436 0.161727 0.2207 0.163481 
#qt 114134 0.0827283 0.161027 0.0687022 0.069828 0.147606 0.404612 0.0829612 0.0808021 
#qt 114141 0 0 0 0 0 0 0 0 
#qt 114142 0 0 0 0 0 0 0 0 
#qt 114143 0 0 0 0 0 0 0 0 
#qt 114144 0.11719 0.217927 0.211411 0.230738 0.447091 0.198295 0.0960578 0.233106 
#qt 114211 0 0 0 0 0 0 0 0 
#qt 114212 0 0 0 0 0 0 0 0 
#qt 114213 0 0 0 0 0 0 0 0 
#qt 114214 0.236686 0.0836672 0.0820956 0.0777055 0.0675997 0.0821248 0.0824459 0.528066 
#qt 114221 0 0 0 0 0 0 0 0 
#qt 114222 0 0 0 0 0 0 0 0 
#qt 114223 0.16065 0.111721 0.24879 0.153832 0.15282 0.150654 1.49933 0.161568 
#qt 114224 0.188455 0.136216 0.264186 0.152784 0.170296 0.383651 0.272569 0.0885858 
#qt 114231 0 0 0 0 0 0 0 0 
#qt 114232 1.71303 0.16526 0.311089 0.20933 0.272655 0.163979 0.165072 0.161832 
#qt 114233 0.0843937 0.489787 0.131469 0.163583 0.0847882 0.0850804 0.0845567 0.0842067 
#qt 114234 0.0853041 0.090532 0.208179 0.089875 0.0842965 0.08516 1.20729 0.0852298 
#qt 114241 0 0 0 0 0 0 0 0 
#qt 114242 0 0 0 0 0 0 0 0 
#qt 114243 0.219192 0.165038 0.182217 0.712075 0.185065 0.228626 0.20708 2.15722 
#qt 114244 0.248659 0.291735 0.547319 0.206251 0.244106 0.135574 0.206764 0.247012 
#qt 114311 0 0 0 0 0 0 0 0 
#qt 114312 0 0 0 0 0 0 0 0 
#qt 114313 0 0 0 0 0 0 0 0 
#qt 114314 0.0840304 0.0828819 0.167016 0.285017 0.0789796 0.250802 0.439437 0.220953 
#qt 114321 0 0 0 0 0 0 0 0 
#qt 114322 0.160767 0.310649 0.164574 0.160851 0.170544 1.2331 0.161165 0.165136 
#qt 114323 0.128819 0.197347 0.151169 0.0838963 0.0850238 0.0842921 0.678492 0.0836508 
#qt 114324 0.0861892 0.0859053 0.0843529 0.249076 0.0845338 1.23811 0.0843124 0.0862036 
#qt 114331 0 0 0 0 0 0 0 0 
#qt 114332 0.0845259 0.0844116 0.0854712 0.090352 0.136326 0.084656 0.0848572 0.974471 
#qt 114333 1.95555 0.39745 0.119241 0.186604 0.232547 0.0909616 0.422884 0.372154 
#qt 114334 0 0 0 0 0 0 0 0 
#qt 114341 0 0 0 0 0 0 0 0 
#qt 114342 0.178935 0.335765 0.164876 0.163242 0.166022 0.190267 1.90422 0.16319 
#qt 114343 0.191401 0.0853797 0.487485 0.0853663 0.0860914 0.127067 0.0851316 0.0852791 
#qt 114344 0.374179 0.371749 0.336584 0.204974 0.396807 1.55968 0.614624 0.391479 
#qt 114411 1.16539 0.312073 0.313333 0.228652 0.311915 0.309103 0.303576 0.311135 
#qt 114412 0.178144 0.159693 0.152115 0.144576 0.18062 0.1516 0.744006 0.159399 
#qt 114413 0.154902 0.156821 0.143125 0.118099 0.12687 0.124757 0.152757 1.32532 
#qt 114414 0.354211 0.375069 0.373399 0.373702 0.364604 0.36343 0.609193 0.37344 
#qt 114421 0 0 0 0 0 0 0 0 
#qt 114422 0.224196 0.179254 0.154522 0.159311 0.0854036 0.16248 0.68038 0.16525 
#qt 114423 0.0885793 0.0882088 0.0888115 0.0871522 0.08856 0.16507 0.0890345 2.26054 
#qt 114424 0.407792 0.354477 0.352216 0.354125 0.35594 0.341507 0.353989 1.25042 
#qt 114431 0.083979 0.0832626 0.0854468 0.145436 0.0839508 0.570136 0.211315 0.27676 
#qt 114432 0.0895231 0.174587 0.0884358 0.0890745 0.0872599 2.30299 0.0863581 0.0887586 
#qt 114433 0 0 0 0 0 0 0 0 
#qt 114434 0.249459 0.348947 0.595718 0.765798 0.60865 0.552321 0.566047 1.28209 
#qt 114441 0.290829 0.339677 0.572728 0.149712 0.154411 0.83358 0.883759 1.75027 
#qt 114442 0.331176 0.315686 0.313197 0.130042 0.323326 0.313702 0.324241 1.39987 
#qt 114443 0.453993 0.515354 0.358328 0.284213 0.381538 0.483953 2.84068 0.51113 
#qt 114444 0.477519 0.253984 0.536739 0.333555 0.346844 0.373978 0.597606 1.93377 
#qt 121111 0 0 0 0 0 0 0 0 
#qt 121112 0 0 0 0 0 0 0 0 
#qt 121113 0 0 0 0 0 0 0 0 
#qt 121114 0 0 0 0 0 0 0 0 
#qt 121121 0 0 0 0 0 0 0 0 
#qt 121122 0 0 0 0 0 0 0 0 
#qt 121123 0 0 0 0 0 0 0 0 
#qt 121124 1.20066 0.411321 1.00399 0.333166 0.737375 1.42995 0.559317 0.762656 
#qt 121131 0 0 0 0 0 0 0 0 
#qt 121132 0 0 0 0 0 0 0 0 
#qt 121133 0 0 0 0 0 0 0 0 
#qt 121134 0 0 0 0 0 0 0 0 
#qt 121141 0 0 0 0 0 0 0 0 
#qt 121142 0 0 0 0 0 0 0 0 
#qt 121143 0 0 0 0 0 0 0 0 
#qt 121144 0.155106 0.154111 0.098642 0.139414 0.145999 0.0815347 0.501381 0.145208 
#qt 121211 0 0 0 0 0 0 0 0 
#qt 121212 0 0 0 0 0 0 0 0 
#qt 121213 0 0 0 0 0 0 0 0 
#qt 121214 0 0 0 0 0 0 0 0 
#qt 121221 0 0 0 0 0 0 0 0 
#qt 121222 0 0 0 0 0 0 0 0 
#qt 121223 0 0 0 0 0 0 0 0 
#qt 121224 0 0 0 0 0 0 0 0 
#qt 121231 0 0 0 0 0 0 0 0 
#qt 121232 0 0 0 0 0 0 0 0 
#qt 121233 0 0 0 0 0 0 0 0 
#qt 121234 0 0 0 0 0 0 0 0 
#qt 121241 0 0 0 0 0 0 0 0 
#qt 121242 0 0 0 0 0 0 0 0 
#qt 121243 0 0 0 0 0 0 0 0 
#qt 121244 0.150529 0.050038 0.0834986 0.157208 0.675654 0.0833273 0.0825756 0.076997 
#qt 121311 0 0 0 0 0 0 0 0 
#qt 121312 0 0 0 0 0 0 0 0 
#qt 121313 0 0 0 0 0 0 0 0 
#qt 121314 0 0 0 0 0 0 0 0 
#qt 121321 0 0 0 0 0 0 0 0 
#qt 121322 0 0 0 0 0 0 0 0 
#qt 121323 0 0 0 0 0 0 0 0 
#qt 121324 0 0 0 0 0 0 0 0 
#qt 121331 0 0 0 0 0 0 0 0 
#qt 121332 0 0 0 0 0 0 0 0 
#qt 121333 0 0 0 0 0 0 0 0 
#qt 121334 0 0 0 0 0 0 0 0 
#qt 121341 0 0 0 0 0 0 0 0 
#qt 121342 0 0 0 0 0 0 0 0 
#qt 121343 0 0 0 0 0 0 0 0 
#qt 121344 0.14434 0.161806 0.280081 0.0844072 0.0840617 0.0856632 0.0842653 0.0755618 
#qt 121411 0 0 0 0 0 0 0 0 
#qt 121412 0 0 0 0 0 0 0 0 
#qt 121413 0 0 0 0 0 0 0 0 
#qt 121414 0 0 0 0 0 0 0 0 
#qt 121421 0.847586 0.784983 0.668593 0.790177 1.07439 0.958134 0.886576 0.882429 
#qt 121422 0 0 0 0 0 0 0 0 
#qt 121423 0 0 0 0 0 0 0 0 
#qt 121424 0 0 0 0 0 0 0 0 
#qt 121431 0 0 0 0 0 0 0 0 
#qt 121432 0.177338 0.197111 0.203291 0.203613 0.246708 0.205162 0.20445 0.196287 
#qt 121433 0.0741811 0.0805167 0.518622 0.0844079 0.0840225 0.129329 0.0831718 0.0683557 
#qt 121434 0 0 0 0 0 0 0 0 
#qt 121441 0.185142 0.187318 0.193181 0.983617 0.190255 0.0789361 0.19001 0.180635 
#qt 121442 0.0587469 0.0692482 0.365693 0.08138 0.0814666 0.0815123 0.0804893 0.0560268 
#qt 121443 0.142517 0.141758 0.568637 0.156854 0.15888 0.159856 0.15795 0.140369 
#qt 121444 0.0642033 0.0787053 0.178337 0.845733 0.162128 0.0777446 0.115831 0.129744 
#qt 122111 0 0 0 0 0 0 0 0 
#qt 122112 0 0 0 0 0 0 0 0 
#qt 122113 0 0 0 0 0 0 0 0 
#qt 122114 0 0 0 0 0 0 0 0 
#qt 122121 0 0 0 0 0 0 0 0 
#qt 122122 0 0 0 0 0 0 0 0 
#qt 122123 0 0 0 0 0 0 0 0 
#qt 122124 0 0 0 0 0 0 0 0 
#qt 122131 0 0 0 0 0 0 0 0 
#qt 122132 0 0 0 0 0 0 0 0 
#qt 122133 0 0 0 0 0 0 0 0 
#qt 122134 0 0 0 0 0 0 0 0 
#qt 122141 0 0 0 0 0 0 0 0 
#qt 122142 0 0 0 0 0 0 0 0 
#qt 122143 0 0 0 0 0 0 0 0 
#qt 122144 0.275232 0.0738715 0.0560934 0.0685694 0.108938 0.0851869 0.0851915 0.0847699 
#qt 122211 0 0 0 0 0 0 0 0 
#qt 122212 0 0 0 0 0 0 0 0 
#qt 122213 0 0 0 0 0 0 0 0 
#qt 122214 0 0 0 0 0 0 0 0 
#qt 122221 0 0 0 0 0 0 0 0 
#qt 122222 0 0 0 0 0 0 0 0 
#qt 122223 0 0 0 0 0 0 0 0 
#qt 122224 0 0 0 0 0 0 0 0 
#qt 122231 0 0 0 0 0 0 0 0 
#qt 122232 0 0 0 0 0 0 0 0 
#qt 122233 0 0 0 0 0 0 0 0 
#qt 122234 0 0 0 0 0 0 0 0 
#qt 122241 0 0 0 0 0 0 0 0 
#qt 122242 0 0 0 0 0 0 0 0 
#qt 122243 0 0 0 0 0 0 0 0 
#qt 122244 0.156008 0.0801128 0.0918376 0.124159 0.0845831 0.834818 0.125328 0.0847907 
#qt 122311 0 0 0 0 0 0 0 0 
#qt 122312 0 0 0 0 0 0 0 0 
#qt 122313 0 0 0 0 0 0 0 0 
#qt 122314 0 0 0 0 0 0 0 0 
#qt 122321 0 0 0 0 0 0 0 0 
#qt 122322 0 0 0 0 0 0 0 0 
#qt 122323 0 0 0 0 0 0 0 0 
#qt 122324 0 0 0 0 0 0 0 0 
#qt 122331 0 0 0 0 0 0 0 0 
#qt 122332 0 0 0 0 0 0 0 0 
#qt 122333 0 0 0 0 0 0 0 0 
#qt 122334 0 0 0 0 0 0 0 0 
#qt 122341 0 0 0 0 0 0 0 0 
#qt 122342 0 0 0 0 0 0 0 0 
#qt 122343 0 0 0 0 0 0 0 0 
#qt 122344 0.148878 0.0818842 0.154325 0.106435 0.188597 0.920232 0.0839641 0.0838853 
#qt 122411 0 0 0 0 0 0 0 0 
#qt 122412 0 0 0 0 0 0 0 0 
#qt 122413 0 0 0 0 0 0 0 0 
#qt 122414 0 0 0 0 0 0 0 0 
#qt 122421 0 0 0 0 0 0 0 0 
#qt 122422 0.201505 0.202768 0.207078 0.195306 0.546337 0.202815 0.204296 0.207005 
#qt 122423 0 0 0 0 0 0 0 0 
#qt 122424 0.0836138 0.082134 0.232749 0.0822042 0.0834331 0.0866263 0.0829695 0.082102 
#qt 122431 0 0 0 0 0 0 0 0 
#qt 122432 0 0 0 0 0 0 0 0 
#qt 122433 0.0836763 0.0830012 0.125954 0.118902 0.0827314 0.138151 0.33749 0.0827178 
#qt 122434 0.0822658 0.0817217 0.169507 0.0830712 0.607699 0.0828407 0.177531 0.178102 
#qt 122441 0 0 0 0 0 0 0 0 
#qt 122442 0.0829819 0.0822138 0.0835096 0.0843473 0.316575 0.143922 0.0826698 0.0587724 
#qt 122443 0.197697 0.144629 0.198798 1.20131 0.0840951 0.171523 0.150316 0.0840807 
#qt 122444 0.185786 0.18381 0.962371 0.185669 0.186569 0.186402 0.137936 0.185219 
#qt 123111 0 0 0 0 0 0 0 0 
#qt 123112 0 0 0 0 0 0 0 0 
#qt 123113 0 0 0 0 0 0 0 0 
#qt 123114 0 0 0 0 0 0 0 0 
#qt 123121 0 0 0 0 0 0 0 0 
#qt 123122 0 0 0 0 0 0 0 0 
#qt 123123 0 0 0 0 0 0 0 0 
#qt 123124 0 0 0 0 0 0 0 0 
#qt 123131 0 0 0 0 0 0 0 0 
#qt 123132 0 0 0 0 0 0 0 0 
#qt 123133 0 0 0 0 0 0 0 0 
#qt 123134 0 0 0 0 0 0 0 0 
#qt 123141 0 0 0 0 0 0 0 0 
#qt 123142 0 0 0 0 0 0 0 0 
#qt 123143 0 0 0 0 0 0 0 0 
#qt 123144 0.0861563 0.0856174 0.164684 0.0822573 0.0856125 0.35034 0.117273 0.086078 
#qt 123211 0 0 0 0 0 0 0 0 
#qt 123212 0 0 0 0 0 0 0 0 
#qt 123213 0 0 0 0 0 0 0 0 
#qt 123214 0 0 0 0 0 0 0 0 
#qt 123221 0 0 0 0 0 0 0 0 
#qt 123222 0 0 0 0 0 0 0 0 
#qt 123223 0 0 0 0 0 0 0 0 
#qt 123224 0 0 0 0 0 0 0 0 
#qt 123231 0 0 0 0 0 0 0 0 
#qt 123232 0 0 0 0 0 0 0 0 
#qt 123233 0 0 0 0 0 0 0 0 
#qt 123234 0 0 0 0 0 0 0 0 
#qt 123241 0 0 0 0 0 0 0 0 
#qt 123242 0 0 0 0 0 0 0 0 
#qt 123243 0 0 0 0 0 0 0 0 
#qt 123244 0.0846654 0.177617 0.181533 0.0844522 0.0837696 0.166752 0.702108 0.174517 
#qt 123311 0 0 0 0 0 0 0 0 
#qt 123312 0 0 0 0 0 0 0 0 
#qt 123313 0 0 0 0 0 0 0 0 
#qt 123314 0 0 0 0 0 0 0 0 
#qt 123321 0 0 0 0 0 0 0 0 
#qt 123322 0 0 0 0 0 0 0 0 
#qt 123323 0 0 0 0 0 0 0 0 
#qt 123324 0.0893885 0.173497 0.133647 0.116269 0.0897551 0.147767 0.374751 0.0907407 
#qt 123331 0 0 0 0 0 0 0 0 
#qt 123332 0 0 0 0 0 0 0 0 
#qt 123333 0 0 0 0 0 0 0 0 
#qt 123334 0 0 0 0 0 0 0 0 
#qt 123341 0 0 0 0 0 0 0 0 
#qt 123342 0 0 0 0 0 0 0 0 
#qt 123343 0 0 0 0 0 0 0 0 
#qt 123344 0.18424 0.158973 0.185983 0.185511 0.186042 0.18595 0.846284 0.185981 
#qt 123411 0 0 0 0 0 0 0 0 
#qt 123412 0.233506 0.227667 0.212759 0.713345 0.225934 0.212252 0.209556 0.220951 
#qt 123413 0 0 0 0 0 0 0 0 
#qt 123414 0.0825115 0.0827803 0.213317 0.611433 0.069711 0.0828165 0.0824721 0.0816481 
#qt 123421 0 0 0 0 0 0 0 0 
#qt 123422 0 0 0 0 0 0 0 0 
#qt 123423 0.153748 0.156674 0.467717 0.155513 0.154486 0.129765 0.156304 0.156871 
#qt 123424 0.0809591 0.0793429 0.835799 0.0661912 0.0811205 0.170749 0.117537 0.111251 
#qt 123431 0 0 0 0 0 0 0 0 
#qt 123432 0 0 0 0 0 0 0 0 
#qt 123433 0 0 0 0 0 0 0 0 
#qt 123434 0.208967 0.203663 0.206362 0.206395 0.204623 0.204915 0.207174 0.483584 
#qt 123441 0 0 0 0 0 0 0 0 
#qt 123442 0.218283 0.223448 0.222918 0.222324 0.220691 0.218998 1.73796 0.222645 
#qt 123443 0.326621 0.262745 0.274296 0.367064 0.400678 1.2335 0.344209 0.413974 
#qt 123444 0.185807 0.189607 0.187819 1.05094 0.189375 0.187704 0.18811 0.188386 
#qt 124111 0 0 0 0 0 0 0 0 
#qt 124112 0 0 0 0 0 0 0 0 
#qt 124113 0 0 0 0 0 0 0 0 
#qt 124114 0.0853243 0.0842956 0.0763344 0.0744678 0.0637316 0.0834242 0.430073 0.0844976 
#qt 124121 0 0 0 0 0 0 0 0 
#qt 124122 0 0 0 0 0 0 0 0 
#qt 124123 0 0 0 0 0 0 0 0 
#qt 124124 0.722906 0.810206 0.738592 0.850345 0.681827 1 0.835683 0.772583 
#qt 124131 0 0 0 0 0 0 0 0 
#qt 124132 0 0 0 0 0 0 0 0 
#qt 124133 0.416281 0.334675 0.765256 0.431586 0.950789 0.680678 0.709372 0.709096 
#qt 124134 0.540233 0.735951 0.71878 0.736177 0.763877 0.899808 0.749629 0.539926 
#qt 124141 0 0 0 0 0 0 0 0 
#qt 124142 0 0 0 0 0 0 0 0 
#qt 124143 0 0 0 0 0 0 0 0 
#qt 124144 0.175903 0.161441 0.171751 0.156417 0.175446 0.175875 0.0810712 0.47808 
#qt 124211 0 0 0 0 0 0 0 0 
#qt 124212 0 0 0 0 0 0 0 0 
#qt 124213 0 0 0 0 0 0 0 0 
#qt 124214 0 0 0 0 0 0 0 0 
#qt 124221 0 0 0 0 0 0 0 0 
#qt 124222 0 0 0 0 0 0 0 0 
#qt 124223 0.785629 0.851031 0.421468 0.301108 0.835403 1.12116 0.630255 0.702337 
#qt 124224 0.827386 0.837621 0.814563 0.843872 0.885831 1.02916 0.816151 0.747017 
#qt 124231 0 0 0 0 0 0 0 0 
#qt 124232 0.622017 0.784142 0.874143 0.612817 0.971037 0.668134 1.10612 0.448516 
#qt 124233 0.540473 0.412142 0.809844 0.795601 0.9 0.784187 0.741803 0.60528 
#qt 124234 0.195779 0.166409 0.0873286 0.089876 0.0882967 0.0893701 0.541296 0.0895032 
#qt 124241 0 0 0 0 0 0 0 0 
#qt 124242 0 0 0 0 0 0 0 0 
#qt 124243 0.165502 0.199671 0.202177 0.204252 0.202403 0.202258 0.204845 0.780118 
#qt 124244 0.179808 0.176497 0.172126 0.166582 0.4673 0.179361 0.179403 0.179607 
#qt 124311 0 0 0 0 0 0 0 0 
#qt 124312 0 0 0 0 0 0 0 0 
#qt 124313 0 0 0 0 0 0 0 0 
#qt 124314 0 0 0 0 0 0 0 0 
#qt 124321 0 0 0 0 0 0 0 0 
#qt 124322 0.932471 1.08063 0.878865 0.769898 1.01208 1.3734 0.925187 1.09982 
#qt 124323 0.993246 1.13839 1.08864 0.835796 0.99952 1.42995 1.01961 1.13291 
#qt 124324 0.088052 0.110076 0.246047 0.0868476 0.0867484 0.0762038 0.134469 0.0882547 
#qt 124331 0 0 0 0 0 0 0 0 
#qt 124332 0.460432 0.401884 0.742935 1.15757 0.672069 0.656899 0.597811 0.435213 
#qt 124333 0.662155 0.582134 0.533503 0.470696 0.588791 1.18792 0.631951 0.688802 
#qt 124334 0 0 0 0 0 0 0 0 
#qt 124341 0 0 0 0 0 0 0 0 
#qt 124342 0.0840321 0.139167 0.539729 0.0819907 0.141108 0.0826982 0.189076 0.0843604 
#qt 124343 0.19091 0.187391 0.18786 0.190859 0.189403 0.191115 0.852527 0.188009 
#qt 124344 0.190937 0.439705 0.189757 0.188777 0.19015 0.192057 0.192972 0.216747 
#qt 124411 0.191091 0.190434 0.174153 0.832068 0.183895 0.0649634 0.0712203 0.114473 
#qt 124412 0 0 0 0 0 0 0 0 
#qt 124413 0 0 0 0 0 0 0 0 
#qt 124414 0.0886384 0.0883505 0.0892949 0.0879598 0.0818059 0.088278 0.485838 0.150042 
#qt 124421 0 0 0 0 0 0 0 0 
#qt 124422 0.505424 0.440853 0.554004 0.524992 0.523156 0.917741 1.19091 0.728468 
#qt 124423 0.89322 0.991749 0.545778 0.382046 0.497833 1.31991 0.882144 0.989152 
#qt 124424 0.546946 0.0916286 0.0898821 0.175684 0.0928538 0.132227 0.0910592 0.0932254 
#qt 124431 0.485171 0.451122 0.629751 0.864496 0.971652 1.19417 1.01989 0.698046 
#qt 124432 0.571691 0.568897 0.991934 0.436539 0.930925 0.671903 1.06912 0.872545 
#qt 124433 0 0 0 0 0 0 0 0 
#qt 124434 0.0920858 0.194709 0.190599 0.0984183 0.0924965 1.76949 0.342979 0.194724 
#qt 124441 0.196639 0.197212 0.19552 0.196545 0.811587 0.195301 0.197579 0.194868 
#qt 124442 0.191399 0.189109 0.190751 0.190538 0.973001 0.183744 0.191609 0.187775 
#qt 124443 0.21839 0.217833 0.215301 0.213823 2.51261 0.213645 0.215472 0.209708 
#qt 124444 0.192086 0.193391 0.191212 0.194578 0.192195 1.39648 0.191269 0.191906 
#qt 201111 0 0 0 0 0 0 0 0 
#qt 201112 0 0 0 0 0 0 0 0 
#qt 201113 0 0 0 0 0 0 0 0 
#qt 201114 0 0 0 0 0 0 0 0 
#qt 201121 0 0 0 0 0 0 0 0 
#qt 201122 0 0 0 0 0 0 0 0 
#qt 201123 0 0 0 0 0 0 0 0 
#qt 201124 0.208822 0.199756 0.189226 0.318548 0.219638 0.193922 0.188931 0.191605 
#qt 201131 0 0 0 0 0 0 0 0 
#qt 201132 0 0 0 0 0 0 0 0 
#qt 201133 0 0 0 0 0 0 0 0 
#qt 201134 0 0 0 0 0 0 0 0 
#qt 201141 0.0941395 0.0773942 0.0854873 0.0999549 0.09999 0.0865789 0.0764321 0.100387 
#qt 201142 0 0 0 0 0 0 0 0 
#qt 201143 0 0 0 0 0 0 0 0 
#qt 201144 0.0858502 0.0778912 0.0944853 0.508849 0.0988774 0.100715 0.100159 0.100745 
#qt 201211 0 0 0 0 0 0 0 0 
#qt 201212 0 0 0 0 0 0 0 0 
#qt 201213 0 0 0 0 0 0 0 0 
#qt 201214 0 0 0 0 0 0 0 0 
#qt 201221 0 0 0 0 0 0 0 0 
#qt 201222 0 0 0 0 0 0 0 0 
#qt 201223 0 0 0 0 0 0 0 0 
#qt 201224 0 0 0 0 0 0 0 0 
#qt 201231 0 0 0 0 0 0 0 0 
#qt 201232 0 0 0 0 0 0 0 0 
#qt 201233 0 0 0 0 0 0 0 0 
#qt 201234 0 0 0 0 0 0 0 0 
#qt 201241 0 0 0 0 0 0 0 0 
#qt 201242 0 0 0 0 0 0 0 0 
#qt 201243 0 0 0 0 0 0 0 0 
#qt 201244 0.198033 0.198277 0.213983 0.220698 0.221833 0.211455 0.219328 0.209385 
#qt 201311 0 0 0 0 0 0 0 0 
#qt 201312 0 0 0 0 0 0 0 0 
#qt 201313 0 0 0 0 0 0 0 0 
#qt 201314 0 0 0 0 0 0 0 0 
#qt 201321 0 0 0 0 0 0 0 0 
#qt 201322 0 0 0 0 0 0 0 0 
#qt 201323 0 0 0 0 0 0 0 0 
#qt 201324 0 0 0 0 0 0 0 0 
#qt 201331 0 0 0 0 0 0 0 0 
#qt 201332 0 0 0 0 0 0 0 0 
#qt 201333 0 0 0 0 0 0 0 0 
#qt 201334 0 0 0 0 0 0 0 0 
#qt 201341 0 0 0 0 0 0 0 0 
#qt 201342 0 0 0 0 0 0 0 0 
#qt 201343 0 0 0 0 0 0 0 0 
#qt 201344 0.201887 0.202627 0.218831 0.220479 0.21904 0.216344 0.220311 0.189541 
#qt 201411 0 0 0 0 0 0 0 0 
#qt 201412 0 0 0 0 0 0 0 0 
#qt 201413 0 0 0 0 0 0 0 0 
#qt 201414 0.249142 0.301805 0.221212 0.258781 0.258706 0.232547 0.235028 0.237881 
#qt 201421 0.245206 0.478187 0.263966 0.231885 0.237472 0.288793 0.30813 0.32063 
#qt 201422 0 0 0 0 0 0 0 0 
#qt 201423 0 0 0 0 0 0 0 0 
#qt 201424 0 0 0 0 0 0 0 0 
#qt 201431 0 0 0 0 0 0 0 0 
#qt 201432 0.157881 0.16265 0.212354 0.20987 0.198463 0.203541 0.208788 0.184533 
#qt 201433 0.232798 0.2234 0.233341 0.240257 0.242136 0.232673 0.24116 0.22312 
#qt 201434 0 0 0 0 0 0 0 0 
#qt 201441 0.0957365 0.0982373 0.0975695 0.0959415 0.778394 0.0977622 0.0972939 0.0719824 
#qt 201442 0.116287 0.131594 0.117924 0.122416 0.122454 0.121927 0.121153 0.122969 
#qt 201443 0.158216 0.202032 0.20861 0.207714 0.211969 0.208073 0.206068 0.192516 
#qt 201444 0.12694 0.133116 0.134967 0.135743 0.133627 0.260933 0.13517 0.133455 
#qt 202111 0 0 0 0 0 0 0 0 
#qt 202112 0 0 0 0 0 0 0 0 
#qt 202113 0 0 0 0 0 0 0 0 
#qt 202114 0 0 0 0 0 0 0 0 
#qt 202121 0 0 0 0 0 0 0 0 
#qt 202122 0 0 0 0 0 0 0 0 
#qt 202123 0 0 0 0 0 0 0 0 
#qt 202124 0 0 0 0 0 0 0 0 
#qt 202131 0 0 0 0 0 0 0 0 
#qt 202132 0 0 0 0 0 0 0 0 
#qt 202133 0 0 0 0 0 0 0 0 
#qt 202134 0 0 0 0 0 0 0 0 
#qt 202141 0 0 0 0 0 0 0 0 
#qt 202142 0 0 0 0 0 0 0 0 
#qt 202143 0 0 0 0 0 0 0 0 
#qt 202144 0 0 0 0 0 0 0 0 
#qt 202211 0 0 0 0 0 0 0 0 
#qt 202212 0 0 0 0 0 0 0 0 
#qt 202213 0 0 0 0 0 0 0 0 
#qt 202214 0 0 0 0 0 0 0 0 
#qt 202221 0 0 0 0 0 0 0 0 
#qt 202222 0 0 0 0 0 0 0 0 
#qt 202223 0 0 0 0 0 0 0 0 
#qt 202224 0 0 0 0 0 0 0 0 
#qt 202231 0 0 0 0 0 0 0 0 
#qt 202232 0 0 0 0 0 0 0 0 
#qt 202233 0 0 0 0 0 0 0 0 
#qt 202234 0 0 0 0 0 0 0 0 
#qt 202241 0 0 0 0 0 0 0 0 
#qt 202242 0 0 0 0 0 0 0 0 
#qt 202243 0 0 0 0 0 0 0 0 
#qt 202244 0.185546 0.228692 1.3136 0.50828 0.212605 0.135967 0.134115 0.135476 
#qt 202311 0 0 0 0 0 0 0 0 
#qt 202312 0 0 0 0 0 0 0 0 
#qt 202313 0 0 0 0 0 0 0 0 
#qt 202314 0 0 0 0 0 0 0 0 
#qt 202321 0 0 0 0 0 0 0 0 
#qt 202322 0 0 0 0 0 0 0 0 
#qt 202323 0 0 0 0 0 0 0 0 
#qt 202324 0 0 0 0 0 0 0 0 
#qt 202331 0 0 0 0 0 0 0 0 
#qt 202332 0 0 0 0 0 0 0 0 
#qt 202333 0 0 0 0 0 0 0 0 
#qt 202334 0 0 0 0 0 0 0 0 
#qt 202341 0 0 0 0 0 0 0 0 
#qt 202342 0 0 0 0 0 0 0 0 
#qt 202343 0 0 0 0 0 0 0 0 
#qt 202344 0.130943 0.142798 0.565426 0.131744 0.132375 0.190955 0.169641 0.151842 
#qt 202411 0 0 0 0 0 0 0 0 
#qt 202412 0 0 0 0 0 0 0 0 
#qt 202413 0 0 0 0 0 0 0 0 
#qt 202414 0.243708 0.160221 0.2796 0.231868 0.226516 0.235047 0.27111 0.226027 
#qt 202421 0 0 0 0 0 0 0 0 
#qt 202422 0.138504 0.137082 0.136157 0.138034 0.136223 0.135302 0.132824 0.137771 
#qt 202423 0 0 0 0 0 0 0 0 
#qt 202424 0.160593 0.149558 0.260292 0.158957 0.155001 0.180491 0.146879 0.154697 
#qt 202431 0.136628 0.137654 0.137626 0.138567 0.134789 0.0990255 0.0954296 0.110933 
#qt 202432 0 0 0 0 0 0 0 0 
#qt 202433 0.135155 0.258418 0.135422 0.140186 0.180878 0.136419 0.135319 0.133842 
#qt 202434 0.22874 0.237719 0.310351 0.227991 0.225865 0.22689 0.225353 0.226583 
#qt 202441 0.121158 0.115895 0.119928 0.121212 0.121688 0.119542 0.10457 0.107726 
#qt 202442 0.175036 0.163208 0.15324 0.239991 0.152254 0.152281 0.203305 0.112522 
#qt 202443 0.241131 0.230329 0.244346 0.467486 0.245036 0.129666 0.243549 0.242838 
#qt 202444 0.131209 0.250274 0.134022 0.801126 0.131401 0.133451 0.134647 0.115817 
#qt 203111 0 0 0 0 0 0 0 0 
#qt 203112 0 0 0 0 0 0 0 0 
#qt 203113 0 0 0 0 0 0 0 0 
#qt 203114 0 0 0 0 0 0 0 0 
#qt 203121 0 0 0 0 0 0 0 0 
#qt 203122 0 0 0 0 0 0 0 0 
#qt 203123 0 0 0 0 0 0 0 0 
#qt 203124 0 0 0 0 0 0 0 0 
#qt 203131 0 0 0 0 0 0 0 0 
#qt 203132 0 0 0 0 0 0 0 0 
#qt 203133 0 0 0 0 0 0 0 0 
#qt 203134 0 0 0 0 0 0 0 0 
#qt 203141 0 0 0 0 0 0 0 0 
#qt 203142 0 0 0 0 0 0 0 0 
#qt 203143 0 0 0 0 0 0 0 0 
#qt 203144 0 0 0 0 0 0 0 0 
#qt 203211 0 0 0 0 0 0 0 0 
#qt 203212 0 0 0 0 0 0 0 0 
#qt 203213 0 0 0 0 0 0 0 0 
#qt 203214 0 0 0 0 0 0 0 0 
#qt 203221 0 0 0 0 0 0 0 0 
#qt 203222 0 0 0 0 0 0 0 0 
#qt 203223 0 0 0 0 0 0 0 0 
#qt 203224 0 0 0 0 0 0 0 0 
#qt 203231 0 0 0 0 0 0 0 0 
#qt 203232 0 0 0 0 0 0 0 0 
#qt 203233 0 0 0 0 0 0 0 0 
#qt 203234 0 0 0 0 0 0 0 0 
#qt 203241 0 0 0 0 0 0 0 0 
#qt 203242 0 0 0 0 0 0 0 0 
#qt 203243 0 0 0 0 0 0 0 0 
#qt 203244 0.319054 0.925917 1.26656 0.487722 0.390141 0.338658 0.837914 0.350245 
#qt 203311 0 0 0 0 0 0 0 0 
#qt 203312 0 0 0 0 0 0 0 0 
#qt 203313 0 0 0 0 0 0 0 0 
#qt 203314 0 0 0 0 0 0 0 0 
#qt 203321 0 0 0 0 0 0 0 0 
#qt 203322 0 0 0 0 0 0 0 0 
#qt 203323 0 0 0 0 0 0 0 0 
#qt 203324 0.147221 0.144918 0.145525 0.147488 0.143787 0.147511 0.147277 0.143618 
#qt 203331 0 0 0 0 0 0 0 0 
#qt 203332 0 0 0 0 0 0 0 0 
#qt 203333 0 0 0 0 0 0 0 0 
#qt 203334 0 0 0 0 0 0 0 0 
#qt 203341 0 0 0 0 0 0 0 0 
#qt 203342 0 0 0 0 0 0 0 0 
#qt 203343 0 0 0 0 0 0 0 0 
#qt 203344 0.289996 0.236099 0.290804 0.223347 0.22819 0.237848 0.239095 0.269012 
#qt 203411 0 0 0 0 0 0 0 0 
#qt 203412 0.136698 0.139805 0.140175 0.138462 0.109999 0.138823 0.136319 0.14008 
#qt 203413 0 0 0 0 0 0 0 0 
#qt 203414 0.147582 0.14657 0.208362 0.143172 0.122619 0.143617 0.148605 0.145385 
#qt 203421 0.137045 0.138306 0.137811 0.127456 0.138091 0.127823 0.104689 0.119057 
#qt 203422 0 0 0 0 0 0 0 0 
#qt 203423 0.1559 0.137511 0.139102 0.136006 0.136343 0.125102 0.138387 0.137191 
#qt 203424 0.170092 0.277031 0.145659 0.125086 0.14944 0.238435 0.204294 0.178204 
#qt 203431 0 0 0 0 0 0 0 0 
#qt 203432 0 0 0 0 0 0 0 0 
#qt 203433 0 0 0 0 0 0 0 0 
#qt 203434 0.437434 0.458657 0.449266 0.441588 0.453041 0.683028 0.440794 0.42577 
#qt 203441 0.168201 0.164632 0.34488 0.163683 0.162598 0.167205 0.153768 0.148778 
#qt 203442 0.246733 0.232992 0.244059 0.246244 0.243762 0.249958 0.794153 0.246299 
#qt 203443 0.198875 0.301677 0.159954 0.157952 0.213588 0.160202 0.197797 0.190559 
#qt 203444 0.257311 0.258164 0.258535 0.255599 0.593696 0.259367 0.261357 0.224487 
#qt 204111 0.227309 0.230243 0.208664 0.218317 0.21884 0.208453 0.220613 0.214181 
#qt 204112 0 0 0 0 0 0 0 0 
#qt 204113 0 0 0 0 0 0 0 0 
#qt 204114 0.123506 0.122833 0.120141 0.114147 0.107457 0.123109 0.120619 0.120053 
#qt 204121 0 0 0 0 0 0 0 0 
#qt 204122 0 0 0 0 0 0 0 0 
#qt 204123 0 0 0 0 0 0 0 0 
#qt 204124 0 0 0 0 0 0 0 0 
#qt 204131 0 0 0 0 0 0 0 0 
#qt 204132 0 0 0 0 0 0 0 0 
#qt 204133 0.291655 0.229934 0.150165 0.178751 0.168388 0.138695 0.152982 0.199893 
#qt 204134 0.289761 0.286204 0.26785 0.267923 0.285997 0.262881 0.292102 0.28638 
#qt 204141 0 0 0 0 0 0 0 0 
#qt 204142 0 0 0 0 0 0 0 0 
#qt 204143 0 0 0 0 0 0 0 0 
#qt 204144 0.22312 0.232203 0.244525 0.264897 0.28873 0.292227 0.279304 0.209698 
#qt 204211 0 0 0 0 0 0 0 0 
#qt 204212 0 0 0 0 0 0 0 0 
#qt 204213 0 0 0 0 0 0 0 0 
#qt 204214 0.243516 0 0.46174 0.149263 0.104359 0.141692 0.104765 0.923111 
#qt 204221 0 0 0 0 0 0 0 0 
#qt 204222 0 0 0 0 0 0 0 0 
#qt 204223 0.172894 0.124156 0.177552 0.217197 0.142045 0.124804 0.133776 0.118235 
#qt 204224 0.445472 0.295553 0.309113 0.306755 0.300987 0.243658 0.220958 0.223462 
#qt 204231 0 0 0 0 0 0 0 0 
#qt 204232 0.228445 0.165215 0.158937 0.154761 0.143955 0.142217 0.170856 0.17306 
#qt 204233 0.346256 0.373207 1.19056 0.376038 0.21689 0.406847 0.393319 0.304214 
#qt 204234 0.146645 0.148496 0.149232 0.14741 0.146562 0.144134 0.148215 0.146843 
#qt 204241 0 0 0 0 0 0 0 0 
#qt 204242 0 0 0 0 0 0 0 0 
#qt 204243 0.251927 1.63722 0.317396 0.479439 0.30583 0.470166 0.387865 0.54224 
#qt 204244 0.206003 0.181222 0.173787 2.24977 0.378577 0.153761 0.189072 0.174162 
#qt 204311 0 0 0 0 0 0 0 0 
#qt 204312 0 0 0 0 0 0 0 0 
#qt 204313 0 0 0 0 0 0 0 0 
#qt 204314 0.929076 0.31632 0.4219 0.288566 0.605954 0.450831 0.192126 0.22526 
#qt 204321 0 0 0 0 0 0 0 0 
#qt 204322 0.140234 0.117581 0.132079 0.124653 0.117559 0.11488 0.113826 0.177666 
#qt 204323 0.535887 0.724918 0.396028 0.698066 0.874934 0.310432 0.211347 0.404063 
#qt 204324 0.105654 0.104518 0.105785 0.102127 0.103442 0.0741269 0.104689 0.108246 
#qt 204331 0.146727 0.215443 0.168173 0.143671 0.14439 0.106587 0.120986 0.121905 
#qt 204332 0.311869 0.341151 0.688607 0.374356 0.828677 0.260994 0.262123 0.162191 
#qt 204333 0.231215 0.286133 0.272999 0.285853 0.257205 0.28401 0.285381 0.257741 
#qt 204334 0 0 0 0 0 0 0 0 
#qt 204341 0 0 0 0 0 0 0 0 
#qt 204342 0.942933 0.416847 0.470538 0.276441 0.286942 0.247265 0.284961 0.298394 
#qt 204343 0.881207 1.06364 0.866303 0.525773 0.491487 0.379221 0.668799 0.366786 
#qt 204344 0.241054 0.219661 2.01006 0.514277 0.248267 0.56279 0.234162 0.245315 
#qt 204411 0.131295 0.130245 0.130355 0.131222 0.118609 0.115796 0.104983 0.129005 
#qt 204412 0.0980798 0.167073 0.0984468 0.0751189 0.0493248 0.0583822 0.0967247 0.0984466 
#qt 204413 0.0971373 0.11312 0.213371 0.0848321 0.0822911 0.0871088 0.109457 0.0948273 
#qt 204414 0.671958 0.10595 0.105145 0.105941 0.0768504 0.102407 0.106153 0.105255 
#qt 204421 0.117225 0.156127 0.11634 0.116295 0.109968 0.0725308 0.0806614 0.0972096 
#qt 204422 0.279131 0.231137 0.457088 0.589265 0.277564 0.232778 0.315479 0.201122 
#qt 204423 0.216535 0.198858 0.199512 0.217271 0.237176 0.210043 0.256393 0.353458 
#qt 204424 0.103779 1.31533 0.103821 0.0779176 0.101038 0.104192 0.102887 0.133537 
#qt 204431 0.269216 0.283344 0.450653 0.27529 0.274732 0.270394 0.244516 0.278856 
#qt 204432 0.267674 0.279758 0.276088 0.262064 0.281754 0.283742 0.282302 0.276447 
#qt 204433 0 0 0 0 0 0 0 0 
#qt 204434 0.170465 0.265657 0.237855 0.14439 0.529322 0.273743 0.274815 0.143229 
#qt 204441 0.275162 0.254846 0.241063 0.615255 0.246857 0.228345 0.258207 0.230332 
#qt 204442 0.128746 0.219835 0.125182 0.128509 0.192882 0.126622 0.366896 0.109899 
#qt 204443 0.306523 0.288215 0.760921 0.304338 0.299834 0.308671 0.26832 0.304502 
#qt 204444 1.02698 0.272975 0.271561 0.270338 0.230364 0.228633 0.273773 0.315349 
#qt 211111 0 0 0 0 0 0 0 0 
#qt 211112 0 0 0 0 0 0 0 0 
#qt 211113 0 0 0 0 0 0 0 0 
#qt 211114 0 0 0 0 0 0 0 0 
#qt 211121 0 0 0 0 0 0 0 0 
#qt 211122 0 0 0 0 0 0 0 0 
#qt 211123 0 0 0 0 0 0 0 0 
#qt 211124 0.347116 0.0961452 0.141297 0.139725 0.145911 0.177859 0.548674 0.183545 
#qt 211131 0 0 0 0 0 0 0 0 
#qt 211132 0 0 0 0 0 0 0 0 
#qt 211133 0 0 0 0 0 0 0 0 
#qt 211134 0 0 0 0 0 0 0 0 
#qt 211141 0.124244 0.132463 0.122524 0.138476 0.138741 0.119677 0.131437 0.120275 
#qt 211142 0 0 0 0 0 0 0 0 
#qt 211143 0 0 0 0 0 0 0 0 
#qt 211144 0.233516 0.402608 0.220161 0.227403 0.177859 0.71356 0.257928 0.279283 
#qt 211211 0 0 0 0 0 0 0 0 
#qt 211212 0 0 0 0 0 0 0 0 
#qt 211213 0 0 0 0 0 0 0 0 
#qt 211214 0 0 0 0 0 0 0 0 
#qt 211221 0 0 0 0 0 0 0 0 
#qt 211222 0 0 0 0 0 0 0 0 
#qt 211223 0 0 0 0 0 0 0 0 
#qt 211224 0 0 0 0 0 0 0 0 
#qt 211231 0 0 0 0 0 0 0 0 
#qt 211232 0 0 0 0 0 0 0 0 
#qt 211233 0 0 0 0 0 0 0 0 
#qt 211234 0 0 0 0 0 0 0 0 
#qt 211241 0 0 0 0 0 0 0 0 
#qt 211242 0 0 0 0 0 0 0 0 
#qt 211243 0 0 0 0 0 0 0 0 
#qt 211244 0 0 0 0 0 0 0 0 
#qt 211311 0 0 0 0 0 0 0 0 
#qt 211312 0 0 0 0 0 0 0 0 
#qt 211313 0 0 0 0 0 0 0 0 
#qt 211314 0 0 0 0 0 0 0 0 
#qt 211321 0 0 0 0 0 0 0 0 
#qt 211322 0 0 0 0 0 0 0 0 
#qt 211323 0 0 0 0 0 0 0 0 
#qt 211324 0 0 0 0 0 0 0 0 
#qt 211331 0 0 0 0 0 0 0 0 
#qt 211332 0 0 0 0 0 0 0 0 
#qt 211333 0 0 0 0 0 0 0 0 
#qt 211334 0 0 0 0 0 0 0 0 
#qt 211341 0 0 0 0 0 0 0 0 
#qt 211342 0 0 0 0 0 0 0 0 
#qt 211343 0 0 0 0 0 0 0 0 
#qt 211344 0 0 0 0 0 0 0 0 
#qt 211411 0 0 0 0 0 0 0 0 
#qt 211412 0 0 0 0 0 0 0 0 
#qt 211413 0 0 0 0 0 0 0 0 
#qt 211414 0.184478 0.109695 0.157664 0.104206 0.0936145 0.25521 0.277374 0.623166 
#qt 211421 0.106348 0.108956 0.176787 0.107277 0.246321 0.117134 0.0924179 0.099455 
#qt 211422 0 0 0 0 0 0 0 0 
#qt 211423 0 0 0 0 0 0 0 0 
#qt 211424 0 0 0 0 0 0 0 0 
#qt 211431 0 0 0 0 0 0 0 0 
#qt 211432 0 0 0 0 0 0 0 0 
#qt 211433 0 0 0 0 0 0 0 0 
#qt 211434 0 0 0 0 0 0 0 0 
#qt 211441 0.217295 0.22944 0.101703 0.139963 0.115974 0.182021 0.0945469 0.0858823 
#qt 211442 0.0884552 0.0998439 0.0981624 0.0986162 0.0990602 0.100178 0.0992989 0.0999304 
#qt 211443 0 0 0 0 0 0 0 0 
#qt 211444 0.195992 0.0973217 0.0971906 0.291812 0.122594 0.0968784 0.719362 0.125172 
#qt 212111 0 0 0 0 0 0 0 0 
#qt 212112 0 0 0 0 0 0 0 0 
#qt 212113 0 0 0 0 0 0 0 0 
#qt 212114 0 0 0 0 0 0 0 0 
#qt 212121 0 0 0 0 0 0 0 0 
#qt 212122 0 0 0 0 0 0 0 0 
#qt 212123 0 0 0 0 0 0 0 0 
#qt 212124 0 0 0 0 0 0 0 0 
#qt 212131 0 0 0 0 0 0 0 0 
#qt 212132 0 0 0 0 0 0 0 0 
#qt 212133 0 0 0 0 0 0 0 0 
#qt 212134 0 0 0 0 0 0 0 0 
#qt 212141 0 0 0 0 0 0 0 0 
#qt 212142 0 0 0 0 0 0 0 0 
#qt 212143 0 0 0 0 0 0 0 0 
#qt 212144 0 0 0 0 0 0 0 0 
#qt 212211 0 0 0 0 0 0 0 0 
#qt 212212 0 0 0 0 0 0 0 0 
#qt 212213 0 0 0 0 0 0 0 0 
#qt 212214 0 0 0 0 0 0 0 0 
#qt 212221 0 0 0 0 0 0 0 0 
#qt 212222 0 0 0 0 0 0 0 0 
#qt 212223 0 0 0 0 0 0 0 0 
#qt 212224 0 0 0 0 0 0 0 0 
#qt 212231 0 0 0 0 0 0 0 0 
#qt 212232 0 0 0 0 0 0 0 0 
#qt 212233 0 0 0 0 0 0 0 0 
#qt 212234 0 0 0 0 0 0 0 0 
#qt 212241 0 0 0 0 0 0 0 0 
#qt 212242 0 0 0 0 0 0 0 0 
#qt 212243 0 0 0 0 0 0 0 0 
#qt 212244 0.221458 0.185417 0.220455 0.244744 0.205711 0.214807 0.223584 0.224135 
#qt 212311 0 0 0 0 0 0 0 0 
#qt 212312 0 0 0 0 0 0 0 0 
#qt 212313 0 0 0 0 0 0 0 0 
#qt 212314 0 0 0 0 0 0 0 0 
#qt 212321 0 0 0 0 0 0 0 0 
#qt 212322 0 0 0 0 0 0 0 0 
#qt 212323 0 0 0 0 0 0 0 0 
#qt 212324 0 0 0 0 0 0 0 0 
#qt 212331 0 0 0 0 0 0 0 0 
#qt 212332 0 0 0 0 0 0 0 0 
#qt 212333 0 0 0 0 0 0 0 0 
#qt 212334 0 0 0 0 0 0 0 0 
#qt 212341 0 0 0 0 0 0 0 0 
#qt 212342 0 0 0 0 0 0 0 0 
#qt 212343 0 0 0 0 0 0 0 0 
#qt 212344 0.219617 0.219215 0.246228 0.217225 0.222456 0.210206 0.21144 0.221427 
#qt 212411 0 0 0 0 0 0 0 0 
#qt 212412 0 0 0 0 0 0 0 0 
#qt 212413 0 0 0 0 0 0 0 0 
#qt 212414 0.24539 0.175679 0.244477 0.148689 0.23381 0.17602 0.152707 0.20024 
#qt 212421 0 0 0 0 0 0 0 0 
#qt 212422 0.2082 0.207119 0.197414 0.209288 0.18693 0.191148 0.211066 0.20526 
#qt 212423 0 0 0 0 0 0 0 0 
#qt 212424 0.243791 0.239647 0.243842 0.237476 0.242692 0.236806 0.231743 0.239721 
#qt 212431 0.207735 0.210977 0.188852 0.210454 0.19325 0.157686 0.181891 0.174115 
#qt 212432 0 0 0 0 0 0 0 0 
#qt 212433 0.20917 0.213817 0.208918 0.189213 0.211962 0.210101 0.209484 0.209135 
#qt 212434 0.167403 0.131926 0.303429 0.129474 0.150123 0.132377 0.13234 0.157276 
#qt 212441 0.100267 0.0889702 0.0977976 0.0999352 0.101354 0.093493 0.100791 0.0969927 
#qt 212442 0.120838 0.121327 0.1226 0.117891 0.122635 0.117783 0.122449 0.121761 
#qt 212443 0.134029 0.13519 0.133614 0.131421 0.134514 0.136936 0.136835 0.135384 
#qt 212444 0.274384 0.27127 0.268773 0.791018 0.269565 0.272381 0.270089 0.273532 
#qt 213111 0 0 0 0 0 0 0 0 
#qt 213112 0 0 0 0 0 0 0 0 
#qt 213113 0 0 0 0 0 0 0 0 
#qt 213114 0 0 0 0 0 0 0 0 
#qt 213121 0 0 0 0 0 0 0 0 
#qt 213122 0 0 0 0 0 0 0 0 
#qt 213123 0 0 0 0 0 0 0 0 
#qt 213124 0 0 0 0 0 0 0 0 
#qt 213131 0 0 0 0 0 0 0 0 
#qt 213132 0 0 0 0 0 0 0 0 
#qt 213133 0 0 0 0 0 0 0 0 
#qt 213134 0 0 0 0 0 0 0 0 
#qt 213141 0 0 0 0 0 0 0 0 
#qt 213142 0 0 0 0 0 0 0 0 
#qt 213143 0 0 0 0 0 0 0 0 
#qt 213144 0 0 0 0 0 0 0 0 
#qt 213211 0 0 0 0 0 0 0 0 
#qt 213212 0 0 0 0 0 0 0 0 
#qt 213213 0 0 0 0 0 0 0 0 
#qt 213214 0 0 0 0 0 0 0 0 
#qt 213221 0 0 0 0 0 0 0 0 
#qt 213222 0 0 0 0 0 0 0 0 
#qt 213223 0 0 0 0 0 0 0 0 
#qt 213224 0 0 0 0 0 0 0 0 
#qt 213231 0 0 0 0 0 0 0 0 
#qt 213232 0 0 0 0 0 0 0 0 
#qt 213233 0 0 0 0 0 0 0 0 
#qt 213234 0 0 0 0 0 0 0 0 
#qt 213241 0 0 0 0 0 0 0 0 
#qt 213242 0 0 0 0 0 0 0 0 
#qt 213243 0 0 0 0 0 0 0 0 
#qt 213244 0.977818 1.3214 1.11302 0.72004 0.443849 0.708558 0.37605 0.500899 
#qt 213311 0 0 0 0 0 0 0 0 
#qt 213312 0 0 0 0 0 0 0 0 
#qt 213313 0 0 0 0 0 0 0 0 
#qt 213314 0 0 0 0 0 0 0 0 
#qt 213321 0 0 0 0 0 0 0 0 
#qt 213322 0 0 0 0 0 0 0 0 
#qt 213323 0 0 0 0 0 0 0 0 
#qt 213324 0.229781 0.305051 0.229347 0.228252 0.218165 0.225965 0.231593 0.231926 
#qt 213331 0 0 0 0 0 0 0 0 
#qt 213332 0 0 0 0 0 0 0 0 
#qt 213333 0 0 0 0 0 0 0 0 
#qt 213334 0 0 0 0 0 0 0 0 
#qt 213341 0 0 0 0 0 0 0 0 
#qt 213342 0 0 0 0 0 0 0 0 
#qt 213343 0 0 0 0 0 0 0 0 
#qt 213344 0.147134 0.406401 0.124179 0.156894 0.131412 0.16222 0.162011 0.192978 
#qt 213411 0 0 0 0 0 0 0 0 
#qt 213412 0.13362 0.138506 0.139023 0.13924 0.110754 0.137548 0.136579 0.138747 
#qt 213413 0 0 0 0 0 0 0 0 
#qt 213414 0.178576 0.292818 0.176183 0.171541 0.198714 0.174132 0.14866 0.175664 
#qt 213421 0.137181 0.13645 0.135838 0.120928 0.136953 0.118428 0.103883 0.134606 
#qt 213422 0 0 0 0 0 0 0 0 
#qt 213423 0.137067 0.135491 0.137277 0.136725 0.134288 0.0996841 0.137574 0.136791 
#qt 213424 0.158966 0.150133 0.271808 0.138885 0.232178 0.163761 0.208631 0.15788 
#qt 213431 0 0 0 0 0 0 0 0 
#qt 213432 0 0 0 0 0 0 0 0 
#qt 213433 0 0 0 0 0 0 0 0 
#qt 213434 0.293163 0.206356 0.206566 0.223789 0.20218 0.0950999 0.0972235 0.227267 
#qt 213441 0.123347 0.125162 0.124405 0.123001 0.121116 0.0937067 0.10266 0.117983 
#qt 213442 0.158551 0.164671 0.156421 0.154595 0.207314 0.150075 0.157759 0.158614 
#qt 213443 0.119032 0.118105 0.120102 0.118596 0.118692 0.108161 0.118865 0.120197 
#qt 213444 0.263453 0.263468 1.17617 0.264034 0.262972 0.221508 0.262026 0.261429 
#qt 214111 0.1392 0.138166 0.12467 0.10996 0.136539 0.134097 0.128406 0.140483 
#qt 214112 0 0 0 0 0 0 0 0 
#qt 214113 0 0 0 0 0 0 0 0 
#qt 214114 0.915357 0.287702 0.271691 0.273417 0.27486 0.287807 0.286904 0.28778 
#qt 214121 0 0 0 0 0 0 0 0 
#qt 214122 0 0 0 0 0 0 0 0 
#qt 214123 0 0 0 0 0 0 0 0 
#qt 214124 0 0 0 0 0 0 0 0 
#qt 214131 0 0 0 0 0 0 0 0 
#qt 214132 0 0 0 0 0 0 0 0 
#qt 214133 0.936609 0.111204 0.188845 0.117083 0.266933 0.26637 0.140537 0.140627 
#qt 214134 0.153886 0.188794 0.165354 0.116522 0.11695 0.114407 0.281136 0.939644 
#qt 214141 0 0 0 0 0 0 0 0 
#qt 214142 0 0 0 0 0 0 0 0 
#qt 214143 0 0 0 0 0 0 0 0 
#qt 214144 0.1162 0.116732 0.108924 0.116605 0.115723 0.116257 0.114177 0.115433 
#qt 214211 0 0 0 0 0 0 0 0 
#qt 214212 0 0 0 0 0 0 0 0 
#qt 214213 0 0 0 0 0 0 0 0 
#qt 214214 0.551787 0.111624 0.11172 0.0802141 0.100205 0.0861547 0.109642 0.109956 
#qt 214221 0 0 0 0 0 0 0 0 
#qt 214222 0 0 0 0 0 0 0 0 
#qt 214223 0.142141 0.281473 0.143183 0.109071 0.139333 0.130471 0.604099 0.145135 
#qt 214224 0.184777 0.111644 0.113465 0.451319 0.468718 0.168523 0.112031 0.652921 
#qt 214231 0 0 0 0 0 0 0 0 
#qt 214232 0.124063 1.13392 0.297029 0.296835 0.297091 0.194138 0.124791 0.295696 
#qt 214233 0.372492 2.1959 0.311801 0.406059 0.171019 0.310655 0.337909 1.09341 
#qt 214234 0.764204 0.173304 0.276661 0.0977824 0.148456 0.109885 0.27301 0.278328 
#qt 214241 0 0 0 0 0 0 0 0 
#qt 214242 0 0 0 0 0 0 0 0 
#qt 214243 0.298695 1.2821 0.300085 0.309219 0.298984 0.305019 0.258222 0.302849 
#qt 214244 0.291821 0.29243 0.292728 0.27383 0.290977 0.292445 0.290649 0.497313 
#qt 214311 0 0 0 0 0 0 0 0 
#qt 214312 0 0 0 0 0 0 0 0 
#qt 214313 0 0 0 0 0 0 0 0 
#qt 214314 0.12503 0.751316 0.145815 0.105153 0.176412 0.0995053 0.106501 0.169055 
#qt 214321 0 0 0 0 0 0 0 0 
#qt 214322 0.910318 0.144495 0.142773 0.221599 0.272311 0.227499 0.28491 0.17608 
#qt 214323 1.31437 0.315027 0.176474 0.125311 0.324024 0.108454 0.196491 0.283997 
#qt 214324 0.105402 1.62999 0.102002 0.10384 0.139113 0.126523 0.105413 0.105899 
#qt 214331 0.653097 0.109221 0.110267 0.11024 0.120467 0.1015 0.110086 0.0774363 
#qt 214332 1.70474 0.272993 0.229624 0.28386 0.167811 0.186865 0.254397 0.156717 
#qt 214333 0.185125 0.110142 0.153968 0.188251 0.109831 0.110952 0.173777 0.522801 
#qt 214334 0 0 0 0 0 0 0 0 
#qt 214341 0 0 0 0 0 0 0 0 
#qt 214342 0.288672 0.14524 0.144839 0.118582 0.875441 0.139712 0.119041 0.28421 
#qt 214343 0.166677 0.784052 0.259473 1.95724 0.53066 0.25545 0.163397 0.455059 
#qt 214344 0.279694 0.94497 0.530275 0.242574 0.282848 0.28224 0.282013 0.281051 
#qt 214411 0.119327 0.269988 0.729988 0.0963634 0.259362 0.0876321 0.271289 0.090719 
#qt 214412 0.198994 0.522456 0.107104 0.0816886 0.204244 0.098443 0.107384 0.107748 
#qt 214413 0.13804 0.10612 0.0990119 0.119055 0.121349 0.105429 0.138883 0.674619 
#qt 214414 0.254566 0.264039 0.255144 0.247674 0.248793 0.242775 0.255179 0.253818 
#qt 214421 0.113107 0.100297 0.638627 0.107168 0.098581 0.111043 0.105531 0.0894593 
#qt 214422 0.176756 0.161191 0.271932 0.194893 0.109373 0.106996 0.108935 0.108972 
#qt 214423 0.217523 0.375263 0.204293 0.260238 0.224232 0.255604 0.177865 0.109637 
#qt 214424 0.285167 0.88956 0.284954 0.271638 0.282589 0.333349 0.283366 0.284759 
#qt 214431 0.110766 0.109569 0.108773 0.109738 0.24951 0.109484 0.0851065 0.108868 
#qt 214432 0.108019 0.108178 0.108171 0.101446 0.105742 0.455651 0.108269 0.107302 
#qt 214433 0 0 0 0 0 0 0 0 
#qt 214434 0.586272 0.583507 0.59424 0.857664 0.277416 0.65793 0.490333 0.594361 
#qt 214441 0.142621 0.267028 0.607447 0.286836 0.132619 0.264307 0.255423 0.189017 
#qt 214442 0.287326 0.164731 0.286004 0.279147 0.193927 0.173917 0.287097 0.910851 
#qt 214443 0.270048 0.685566 0.267792 0.270549 0.270944 0.269424 0.271469 0.27106 
#qt 214444 1.03748 0.285425 0.279602 0.281908 0.284492 0.281753 0.283734 0.279175 
#qt 221111 0 0 0 0 0 0 0 0 
#qt 221112 0 0 0 0 0 0 0 0 
#qt 221113 0 0 0 0 0 0 0 0 
#qt 221114 0 0 0 0 0 0 0 0 
#qt 221121 0 0 0 0 0 0 0 0 
#qt 221122 0 0 0 0 0 0 0 0 
#qt 221123 0 0 0 0 0 0 0 0 
#qt 221124 0.238728 0.242143 0.107623 0.292809 0.233064 0.186394 0.151032 0.164235 
#qt 221131 0 0 0 0 0 0 0 0 
#qt 221132 0 0 0 0 0 0 0 0 
#qt 221133 0 0 0 0 0 0 0 0 
#qt 221134 0 0 0 0 0 0 0 0 
#qt 221141 0.0843604 0.0789532 0.0951227 0.119382 0.385604 0.0999575 0.101389 0.0853078 
#qt 221142 0 0 0 0 0 0 0 0 
#qt 221143 0 0 0 0 0 0 0 0 
#qt 221144 0.132983 0.19932 0.174301 0.207595 0.209617 0.644283 0.125802 0.231949 
#qt 221211 0 0 0 0 0 0 0 0 
#qt 221212 0 0 0 0 0 0 0 0 
#qt 221213 0 0 0 0 0 0 0 0 
#qt 221214 0 0 0 0 0 0 0 0 
#qt 221221 0 0 0 0 0 0 0 0 
#qt 221222 0 0 0 0 0 0 0 0 
#qt 221223 0 0 0 0 0 0 0 0 
#qt 221224 0 0 0 0 0 0 0 0 
#qt 221231 0 0 0 0 0 0 0 0 
#qt 221232 0 0 0 0 0 0 0 0 
#qt 221233 0 0 0 0 0 0 0 0 
#qt 221234 0 0 0 0 0 0 0 0 
#qt 221241 0 0 0 0 0 0 0 0 
#qt 221242 0 0 0 0 0 0 0 0 
#qt 221243 0 0 0 0 0 0 0 0 
#qt 221244 0.142666 0.116626 0.501127 0.154066 0.13113 0.13054 0.130394 0.175829 
#qt 221311 0 0 0 0 0 0 0 0 
#qt 221312 0 0 0 0 0 0 0 0 
#qt 221313 0 0 0 0 0 0 0 0 
#qt 221314 0 0 0 0 0 0 0 0 
#qt 221321 0 0 0 0 0 0 0 0 
#qt 221322 0 0 0 0 0 0 0 0 
#qt 221323 0 0 0 0 0 0 0 0 
#qt 221324 0 0 0 0 0 0 0 0 
#qt 221331 0 0 0 0 0 0 0 0 
#qt 221332 0 0 0 0 0 0 0 0 
#qt 221333 0 0 0 0 0 0 0 0 
#qt 221334 0 0 0 0 0 0 0 0 
#qt 221341 0 0 0 0 0 0 0 0 
#qt 221342 0 0 0 0 0 0 0 0 
#qt 221343 0 0 0 0 0 0 0 0 
#qt 221344 0.141894 0.144514 0.158812 0.117948 0.120553 0.467751 0.122745 0.187917 
#qt 221411 0 0 0 0 0 0 0 0 
#qt 221412 0 0 0 0 0 0 0 0 
#qt 221413 0 0 0 0 0 0 0 0 
#qt 221414 0 0 0 0 0 0 0 0 
#qt 221421 0.250249 0.313639 0.246897 0.410664 0.258197 0.294338 0.273652 0.276005 
#qt 221422 0 0 0 0 0 0 0 0 
#qt 221423 0 0 0 0 0 0 0 0 
#qt 221424 0 0 0 0 0 0 0 0 
#qt 221431 0 0 0 0 0 0 0 0 
#qt 221432 0.147832 0.131586 0.125024 0.346354 0.145371 0.144977 0.14597 0.109958 
#qt 221433 0.140363 0.103584 0.205373 0.178 0.468632 0.134586 0.134809 0.10255 
#qt 221434 0 0 0 0 0 0 0 0 
#qt 221441 0.139498 0.124724 0.152249 0.808672 0.169408 0.129364 0.143956 0.218842 
#qt 221442 0.151898 0.101486 0.15637 0.607338 0.141758 0.141753 0.158139 0.127093 
#qt 221443 0.10743 0.0976511 0.149733 0.107895 0.302243 0.11672 0.116839 0.137676 
#qt 221444 0.198555 0.196147 0.198074 0.224207 0.629957 0.195509 0.196302 0.196295 
#qt 222111 0 0 0 0 0 0 0 0 
#qt 222112 0 0 0 0 0 0 0 0 
#qt 222113 0 0 0 0 0 0 0 0 
#qt 222114 0 0 0 0 0 0 0 0 
#qt 222121 0 0 0 0 0 0 0 0 
#qt 222122 0 0 0 0 0 0 0 0 
#qt 222123 0 0 0 0 0 0 0 0 
#qt 222124 0 0 0 0 0 0 0 0 
#qt 222131 0 0 0 0 0 0 0 0 
#qt 222132 0 0 0 0 0 0 0 0 
#qt 222133 0 0 0 0 0 0 0 0 
#qt 222134 0 0 0 0 0 0 0 0 
#qt 222141 0 0 0 0 0 0 0 0 
#qt 222142 0 0 0 0 0 0 0 0 
#qt 222143 0 0 0 0 0 0 0 0 
#qt 222144 0 0 0 0 0 0 0 0 
#qt 222211 0 0 0 0 0 0 0 0 
#qt 222212 0 0 0 0 0 0 0 0 
#qt 222213 0 0 0 0 0 0 0 0 
#qt 222214 0 0 0 0 0 0 0 0 
#qt 222221 0 0 0 0 0 0 0 0 
#qt 222222 0 0 0 0 0 0 0 0 
#qt 222223 0 0 0 0 0 0 0 0 
#qt 222224 0 0 0 0 0 0 0 0 
#qt 222231 0 0 0 0 0 0 0 0 
#qt 222232 0 0 0 0 0 0 0 0 
#qt 222233 0 0 0 0 0 0 0 0 
#qt 222234 0 0 0 0 0 0 0 0 
#qt 222241 0 0 0 0 0 0 0 0 
#qt 222242 0 0 0 0 0 0 0 0 
#qt 222243 0 0 0 0 0 0 0 0 
#qt 222244 0.137789 0.121162 0.404498 0.144274 0.145202 0.150277 0.196576 0.119016 
#qt 222311 0 0 0 0 0 0 0 0 
#qt 222312 0 0 0 0 0 0 0 0 
#qt 222313 0 0 0 0 0 0 0 0 
#qt 222314 0 0 0 0 0 0 0 0 
#qt 222321 0 0 0 0 0 0 0 0 
#qt 222322 0 0 0 0 0 0 0 0 
#qt 222323 0 0 0 0 0 0 0 0 
#qt 222324 0 0 0 0 0 0 0 0 
#qt 222331 0 0 0 0 0 0 0 0 
#qt 222332 0 0 0 0 0 0 0 0 
#qt 222333 0 0 0 0 0 0 0 0 
#qt 222334 0 0 0 0 0 0 0 0 
#qt 222341 0 0 0 0 0 0 0 0 
#qt 222342 0 0 0 0 0 0 0 0 
#qt 222343 0 0 0 0 0 0 0 0 
#qt 222344 0.129564 0.13633 0.115497 0.130517 0.543869 0.155998 0.126979 0.155453 
#qt 222411 0 0 0 0 0 0 0 0 
#qt 222412 0 0 0 0 0 0 0 0 
#qt 222413 0 0 0 0 0 0 0 0 
#qt 222414 0 0 0 0 0 0 0 0 
#qt 222421 0 0 0 0 0 0 0 0 
#qt 222422 0.117289 0.161806 0.119106 0.488042 0.150272 0.112165 0.142349 0.119763 
#qt 222423 0 0 0 0 0 0 0 0 
#qt 222424 0.153078 0.549548 0.186047 0.189871 0.151171 0.140287 0.193379 0.193317 
#qt 222431 0.583205 0.108455 0.106443 0.105543 0.13193 0.0994012 0.101476 0.0869244 
#qt 222432 0 0 0 0 0 0 0 0 
#qt 222433 0.185522 0.153946 0.598602 0.15525 0.18503 0.184992 0.143898 0.182689 
#qt 222434 0.194343 0.231255 0.130695 0.125964 0.19482 0.124901 0.595735 0.123615 
#qt 222441 0.104685 0.151707 0.106454 0.430094 0.108749 0.0652905 0.0624645 0.143237 
#qt 222442 0.204572 0.205423 0.112375 0.205388 0.510167 0.108792 0.203701 0.169727 
#qt 222443 0.205363 0.208122 0.205446 0.204504 0.555823 0.208095 0.207831 0.203608 
#qt 222444 0.165893 0.193131 0.190229 0.191265 0.535323 0.192766 0.189591 0.171555 
#qt 223111 0 0 0 0 0 0 0 0 
#qt 223112 0 0 0 0 0 0 0 0 
#qt 223113 0 0 0 0 0 0 0 0 
#qt 223114 0 0 0 0 0 0 0 0 
#qt 223121 0 0 0 0 0 0 0 0 
#qt 223122 0 0 0 0 0 0 0 0 
#qt 223123 0 0 0 0 0 0 0 0 
#qt 223124 0 0 0 0 0 0 0 0 
#qt 223131 0 0 0 0 0 0 0 0 
#qt 223132 0 0 0 0 0 0 0 0 
#qt 223133 0 0 0 0 0 0 0 0 
#qt 223134 0 0 0 0 0 0 0 0 
#qt 223141 0 0 0 0 0 0 0 0 
#qt 223142 0 0 0 0 0 0 0 0 
#qt 223143 0 0 0 0 0 0 0 0 
#qt 223144 0 0 0 0 0 0 0 0 
#qt 223211 0 0 0 0 0 0 0 0 
#qt 223212 0 0 0 0 0 0 0 0 
#qt 223213 0 0 0 0 0 0 0 0 
#qt 223214 0 0 0 0 0 0 0 0 
#qt 223221 0 0 0 0 0 0 0 0 
#qt 223222 0 0 0 0 0 0 0 0 
#qt 223223 0 0 0 0 0 0 0 0 
#qt 223224 0 0 0 0 0 0 0 0 
#qt 223231 0 0 0 0 0 0 0 0 
#qt 223232 0 0 0 0 0 0 0 0 
#qt 223233 0 0 0 0 0 0 0 0 
#qt 223234 0 0 0 0 0 0 0 0 
#qt 223241 0 0 0 0 0 0 0 0 
#qt 223242 0 0 0 0 0 0 0 0 
#qt 223243 0 0 0 0 0 0 0 0 
#qt 223244 0.217671 0.217408 0.21371 0.212097 0.214964 0.278246 0.207587 0.208581 
#qt 223311 0 0 0 0 0 0 0 0 
#qt 223312 0 0 0 0 0 0 0 0 
#qt 223313 0 0 0 0 0 0 0 0 
#qt 223314 0 0 0 0 0 0 0 0 
#qt 223321 0 0 0 0 0 0 0 0 
#qt 223322 0 0 0 0 0 0 0 0 
#qt 223323 0 0 0 0 0 0 0 0 
#qt 223324 0.124336 0.162563 0.128838 0.189481 0.420349 0.162651 0.195412 0.155632 
#qt 223331 0 0 0 0 0 0 0 0 
#qt 223332 0 0 0 0 0 0 0 0 
#qt 223333 0 0 0 0 0 0 0 0 
#qt 223334 0 0 0 0 0 0 0 0 
#qt 223341 0 0 0 0 0 0 0 0 
#qt 223342 0 0 0 0 0 0 0 0 
#qt 223343 0 0 0 0 0 0 0 0 
#qt 223344 0.126062 0.129392 0.150338 0.128256 0.166036 0.140257 0.504909 0.126301 
#qt 223411 0 0 0 0 0 0 0 0 
#qt 223412 0.114918 0.121508 0.47975 0.226043 0.160085 0.121852 0.122274 0.170915 
#qt 223413 0 0 0 0 0 0 0 0 
#qt 223414 0.112556 0.138374 0.142665 0.549847 0.178337 0.135173 0.140069 0.112999 
#qt 223421 0.105417 0.168221 0.344001 0.0812911 0.135723 0.087166 0.0923222 0.0946398 
#qt 223422 0 0 0 0 0 0 0 0 
#qt 223423 0.185217 0.160477 0.571881 0.124223 0.164156 0.141379 0.156466 0.157001 
#qt 223424 0.131042 0.130595 0.161026 0.166228 0.315819 0.128877 0.129406 0.130715 
#qt 223431 0 0 0 0 0 0 0 0 
#qt 223432 0 0 0 0 0 0 0 0 
#qt 223433 0 0 0 0 0 0 0 0 
#qt 223434 0.128802 0.249591 0.108287 0.117746 0.117662 0.103066 0.108211 0.108398 
#qt 223441 0.106366 0.200244 0.206492 0.107583 0.442426 0.085116 0.0826982 0.10401 
#qt 223442 0.122248 0.195417 0.243895 0.236047 0.104663 0.53143 0.133321 0.123629 
#qt 223443 0.200379 0.168589 0.198507 0.87464 0.100555 0.201966 0.201591 0.103408 
#qt 223444 0.187898 0.182316 0.187462 0.187208 0.188192 0.725398 0.18678 0.185256 
#qt 224111 0.10536 0.358889 0.12932 0.0941878 0.111722 0.111574 0.0864576 0.0924713 
#qt 224112 0 0 0 0 0 0 0 0 
#qt 224113 0 0 0 0 0 0 0 0 
#qt 224114 0.200317 0.199449 0.176987 0.184224 0.269828 0.198202 0.432411 0.198617 
#qt 224121 0 0 0 0 0 0 0 0 
#qt 224122 0 0 0 0 0 0 0 0 
#qt 224123 0 0 0 0 0 0 0 0 
#qt 224124 0 0 0 0 0 0 0 0 
#qt 224131 0 0 0 0 0 0 0 0 
#qt 224132 0 0 0 0 0 0 0 0 
#qt 224133 0.13296 0.124214 0.0940579 0.209214 0.106435 0.0950239 0.105911 0.130117 
#qt 224134 0.200013 0.170323 0.173843 0.206615 0.353721 0.191806 0.191061 0.200182 
#qt 224141 0 0 0 0 0 0 0 0 
#qt 224142 0 0 0 0 0 0 0 0 
#qt 224143 0 0 0 0 0 0 0 0 
#qt 224144 0.13145 0.200259 0.170421 0.570843 0.141862 0.308309 0.154078 0.130013 
#qt 224211 0 0 0 0 0 0 0 0 
#qt 224212 0 0 0 0 0 0 0 0 
#qt 224213 0 0 0 0 0 0 0 0 
#qt 224214 0 0 0 0 0 0 0 0 
#qt 224221 0 0 0 0 0 0 0 0 
#qt 224222 0 0 0 0 0 0 0 0 
#qt 224223 0.105486 0.120665 0.27369 0.136419 0.117004 0.100101 0.0985684 0.121985 
#qt 224224 0.614407 0.341412 0.241872 0.367857 0.365385 0.37952 0.287798 0.280228 
#qt 224231 0 0 0 0 0 0 0 0 
#qt 224232 0.103272 0.203259 0.100604 0.113666 0.0966158 0.0974558 0.114129 0.105707 
#qt 224233 0.360887 0.745872 0.981518 1.15435 0.36593 0.710835 0.829343 0.605248 
#qt 224234 0.129003 0.128139 0.128987 0.170188 0.129478 0.51166 0.255177 0.127866 
#qt 224241 0 0 0 0 0 0 0 0 
#qt 224242 0 0 0 0 0 0 0 0 
#qt 224243 0.19833 0.196792 0.199753 0.154635 0.199907 0.198754 0.200257 0.244769 
#qt 224244 0.205319 0.204626 0.205704 0.203453 0.206201 0.567025 0.250794 0.201596 
#qt 224311 0 0 0 0 0 0 0 0 
#qt 224312 0 0 0 0 0 0 0 0 
#qt 224313 0 0 0 0 0 0 0 0 
#qt 224314 0 0 0 0 0 0 0 0 
#qt 224321 0 0 0 0 0 0 0 0 
#qt 224322 0.106984 0.0978952 0.0987345 0.0937228 0.0986176 0.0973391 0.0971603 0.117426 
#qt 224323 0.704001 1.03892 0.372807 0.667086 0.670555 0.320236 0.309291 0.347186 
#qt 224324 0.182343 0.210105 0.598667 0.207886 0.288193 0.188572 0.286758 0.206319 
#qt 224331 0.0980698 0.189342 0.0969229 0.0976965 0.0958463 0.0862589 0.0559924 0.0624652 
#qt 224332 0.514407 0.249843 1.03696 0.392567 0.471118 0.313639 0.303504 0.153041 
#qt 224333 0.138633 0.133262 0.200596 0.215224 0.139747 0.304117 0.211242 0.252621 
#qt 224334 0 0 0 0 0 0 0 0 
#qt 224341 0 0 0 0 0 0 0 0 
#qt 224342 0.252881 0.162871 0.193844 0.194409 0.136746 0.173331 0.184677 0.194872 
#qt 224343 0.191776 0.210956 0.353311 0.255022 0.19914 0.257332 0.255346 0.201086 
#qt 224344 0.187913 0.188744 0.456872 0.187191 0.187835 0.186534 0.188858 0.188338 
#qt 224411 0.205706 0.188961 0.207329 0.515126 0.189026 0.169257 0.202785 0.187314 
#qt 224412 0 0 0 0 0 0 0 0 
#qt 224413 0 0 0 0 0 0 0 0 
#qt 224414 0.285099 0.202309 0.285417 0.467891 0.282958 0.284583 0.282816 0.284695 
#qt 224421 0.0977605 0.0986082 0.0963639 0.108974 0.0977195 0.0720378 0.0610225 0.0591159 
#qt 224422 0.311921 0.493127 0.218449 0.25212 0.257233 0.285329 0.248806 0.214129 
#qt 224423 0.288797 0.302032 0.257335 0.306484 0.228449 0.309946 0.298333 0.324423 
#qt 224424 0.194538 0.193602 0.793127 0.193477 0.167133 0.199997 0.133088 0.14894 
#qt 224431 0.299579 0.296036 0.30154 0.532824 0.287727 0.304526 0.260649 0.298742 
#qt 224432 0.19873 0.190472 0.24043 0.229712 0.257196 0.291051 0.186367 0.189532 
#qt 224433 0 0 0 0 0 0 0 0 
#qt 224434 0.192367 0.161767 0.126271 0.934555 0.193269 0.192727 0.195017 0.147552 
#qt 224441 0.208628 0.206794 0.210717 0.206583 0.444936 0.267205 0.197481 0.190406 
#qt 224442 0.187774 0.189507 0.18884 0.187904 0.190628 0.190199 0.609631 0.191052 
#qt 224443 0.185509 0.175242 0.184301 0.186769 0.152267 0.56554 0.185681 0.185527 
#qt 224444 0.18181 0.182371 0.180497 1.00735 0.183393 0.181657 0.183699 0.182058 

