#ve 1.01
#ep 10000
#em 10000
#im 1000
#rg 0.02
#rf 0.02
#rb -0.01
#rw -0.1
#xr 0.001
#xm 0.001
#al 0.2
#ga 0.9

#qt 001111 0 0 0 0 0 0 0 0 
#qt 001112 0 0 0 0 0 0 0 0 
#qt 001113 0.807611 0.309372 0.760232 0 0.570138 0.262932 0.29264 2.45817 
#qt 001114 0 0 0 0 0 0 0 0 
#qt 001121 0 0 0 0 0 0 0 0 
#qt 001122 0 0 0 0 0 0 0 0 
#qt 001123 0 2.45678 0.726963 0.414369 0.410319 0 0 1.26403 
#qt 001124 0 0 0 0 0 0 0 0 
#qt 001131 0 0 0 0 0 0 0 0 
#qt 001132 0 0 0 0 0 0 0 0 
#qt 001133 0 0 0 0 0 0 0 0 
#qt 001134 0 0 0 0 0 0 0 0 
#qt 001141 0 0 0 0 0 0 0 0 
#qt 001142 2.11705 0 0.339691 1.02201 0.598784 0 0.394467 1.12166 
#qt 001143 0 0 0 0 0 0 0 0 
#qt 001144 0 0 0 0 0.0247234 0 0 -0.0106789 
#qt 001211 0 0 0 0 0 0 0 0 
#qt 001212 0.195016 0.57685 0 2.40577 0.372455 0.661444 0 0.57685 
#qt 001213 0 0 0 0 0 0 0 0 
#qt 001214 0 0 0 0 0 0 0 0 
#qt 001221 0 0 0 0 0 0 0 0 
#qt 001222 0.708041 0.263074 0.244056 0.196215 0.276454 0.392647 0.212579 2.09102 
#qt 001223 0 0 0 0 0 0 0 0 
#qt 001224 0 0 0 0 0 0 0 0 
#qt 001231 0 0 0 0 0 0 0 0 
#qt 001232 0 0 0 0 0 0 0 0 
#qt 001233 0 0 0 0 0 0 0 0 
#qt 001234 0 0 0 0 0 0 0 0 
#qt 001241 0.595343 0.898533 2.255 0.354625 0.136814 0 0.595343 0.380558 
#qt 001242 0 0 0 0 0 0 0 0 
#qt 001243 0 0 0 0 0 0 0 0 
#qt 001244 0 0 0 0 0 0 0.00366674 -0.010812 
#qt 001311 0 0 0 0 0 0 0 0 
#qt 001312 0 0 0 0 0 0 0 0 
#qt 001313 0 0 0 0 0 0 0 0 
#qt 001314 0 0 0 0 0 0 0 0 
#qt 001321 0 0 0 0 0 0 0 0 
#qt 001322 0 0 0 0 0 0 0 0 
#qt 001323 0 0 0 0 0 0 0 0 
#qt 001324 0 0 0 0 0 0 0 0 
#qt 001331 0 0 0 0 0 0 0 0 
#qt 001332 0 0 0 0 0 0 0 0 
#qt 001333 0 0 0 0 0 0 0 0 
#qt 001334 0 0 0 0 0 0 0 0 
#qt 001341 0.318256 0 0.530142 0.184 0 2.63372 0 0.422418 
#qt 001342 0 0 0 0 0 0 0 0 
#qt 001343 0 0 0 0 0 0 0 0 
#qt 001344 0 0 0 0.0264199 0 0 0 -0.012 
#qt 001411 0 0 0 0 0 0 0 0 
#qt 001412 0 0 0 0 0 0 0 0 
#qt 001413 0.900602 0.390679 0.169858 1.12901 0.386696 2.00911 0.260648 0.57635 
#qt 001414 0 0 0 0 0 0 0 0 
#qt 001421 0 0 0 0 0 0 0 0 
#qt 001422 0 0 0 0 0 0 0 0 
#qt 001423 0 0 0 0 0 0 0 0 
#qt 001424 0 0 0 0 0 0 0 0 
#qt 001431 0 0 0 0 0 0 0 0 
#qt 001432 0 0 0 0 0 0.00316491 0 0 
#qt 001433 0 0 0 0 0 0 0 -0.012 
#qt 001434 0 0 0 0 0 0 0 0 
#qt 001441 -0.012 0.0237869 0 0 0 0 0 0 
#qt 001442 0 0 0 0 0.0511947 0 0 0 
#qt 001443 -0.012 0 0 0 0 0 0 0 
#qt 001444 0 -0.00739556 0 0.0451838 0 0 0.0142112 0 
#qt 002111 0 0 0 0 0 0 0 0 
#qt 002112 0 0 0 0 0 0 0 0 
#qt 002113 0 0 0 0 0 0 0 0 
#qt 002114 0.88424 0 1.27973 0.412454 0.951972 2.10434 0.340499 0 
#qt 002121 0 0 0 0 0 0 0 0 
#qt 002122 0 0 0 0 0 0 0 0 
#qt 002123 0 0 0 0 0 0 0 0 
#qt 002124 0 0 0 0 0 0 0 0 
#qt 002131 0.531864 0.104913 0.539812 1.68803 0.296452 0 0 0.472846 
#qt 002132 0.68758 0.538785 0.369873 0 2.15391 0.165516 0 0.494901 
#qt 002133 0 0 0 0 0 0 0 0 
#qt 002134 0 0 0 0 0 0 0 0 
#qt 002141 0 0 0 0 0 0 0 0 
#qt 002142 0 0 0 0 0 0 0 0 
#qt 002143 0 0 0 0 0 0 0 0 
#qt 002144 0.0134651 0 0 0 0 0 0 0 
#qt 002211 0 0 0 0 0 0 0 0 
#qt 002212 0 0 0 0 0 0 0 0 
#qt 002213 0 0 0 0 0 0 0 0 
#qt 002214 0.309638 0 0.972475 0 0.958956 1.88665 0.580193 0.493317 
#qt 002221 0 0 0 0 0 0 0 0 
#qt 002222 0 0 0 0 0 0 0 0 
#qt 002223 0 0 0 0 0 0 0 0 
#qt 002224 0 0 0 0 0 0 0 0 
#qt 002231 0.408212 0.425367 0.320141 0.296835 0.88862 2.15534 0.395773 0.269658 
#qt 002232 0 0 0 0 0 0 0 0 
#qt 002233 0 0 0 0 0 0 0 0 
#qt 002234 0 0 0 0 0 0 0 0 
#qt 002241 0 0 0 0 0 0 0 0 
#qt 002242 0 0 0 0 0 0 0 0 
#qt 002243 0 0 0 0 0 0 0 0 
#qt 002244 0 0 0 0 0 0 0 0.0197134 
#qt 002311 0 0 0 0 0 0 0 0 
#qt 002312 0 0 0 0 0 0 0 0 
#qt 002313 0 0 0 0 0 0 0 0 
#qt 002314 0 0 0 0 0 0 0 0 
#qt 002321 0 0 0 0 0 0 0 0 
#qt 002322 0 0 0 0 0 0 0 0 
#qt 002323 0 0 0 0 0 0 0 0 
#qt 002324 0 0 0 0 0 0 0 0 
#qt 002331 0 0 0 0 0 0 0 0 
#qt 002332 0 0 0 0 0 0 0 0 
#qt 002333 0 0 0 0 0 0 0 0 
#qt 002334 0 0 0 0 0 0 0 0 
#qt 002341 0 0 0 0 0 0 0 0 
#qt 002342 0 0 0 0 0 0 0 0 
#qt 002343 0 0 0 0 0 0 0 0 
#qt 002344 0.0356326 0 0 0 0 0 0 0 
#qt 002411 0 0 0 0 0 0 0 0 
#qt 002412 0 0 0 0 0 0 0 0 
#qt 002413 0 0 0 0 0 0 0 0 
#qt 002414 0 0 0 0 0 0 0 0 
#qt 002421 0 0 0 0 0 0 0 0 
#qt 002422 0 0 0 0 0 0 0.0117989 0 
#qt 002423 0 0 0 0 0 0 0 0 
#qt 002424 0.0149733 0 0 0 0 0 0 0 
#qt 002431 0.0107342 0 0 0 0 0 0 0 
#qt 002432 0 0 0 0 0 0 0 0 
#qt 002433 0 0 0.0338888 0 0 0 0 0.0262597 
#qt 002434 0.0220808 0 0 0 0 0 0 0 
#qt 002441 0 0 0 0 0 0 0 0 
#qt 002442 0.0240924 0 0 0 0 0 0 0 
#qt 002443 0 0 0 0 0 0 0 0 
#qt 002444 0.0109541 0 0 0 0 0.0692395 0 0 
#qt 003111 0 0 0 0 0 0 0 0 
#qt 003112 0 0 0 0 0 0 0 0 
#qt 003113 0 0 0 0 0 0 0 0 
#qt 003114 0 0 0 0 0 0 0 0 
#qt 003121 0 0 0 0 0 0 0 0 
#qt 003122 2.13033 0 0.599045 0.364892 0.230014 0.419605 0.406382 0.214368 
#qt 003123 0 0 0 0 0 0 0 0 
#qt 003124 0 0 0 0 0 0 0 0 
#qt 003131 0 0 0 0 0 0 0 0 
#qt 003132 0 0 0 0 0 0 0 0 
#qt 003133 0 0 0 0 0 0 0 0 
#qt 003134 0 0 0 0 0 0 0 0 
#qt 003141 0 0 0 0 0 0 0 0 
#qt 003142 0 0 0 0 0 0 0 0 
#qt 003143 0 0 0 0 0 0 0 0 
#qt 003144 0 0 0 0 0 0 0 0 
#qt 003211 0 0 0 0 0 0 0 0 
#qt 003212 0 0 0 0 0 0 0 0 
#qt 003213 0 0 0 0 0 0 0 0 
#qt 003214 0 0 0 0 0 0 0 0 
#qt 003221 0 1.99471 0.590702 0.450771 0.298897 0.468711 0.475994 0.343901 
#qt 003222 0 0 0 0 0 0 0 0 
#qt 003223 0 0 0 0 0 0 0 0 
#qt 003224 0 0 0 0 0 0 0 0 
#qt 003231 0 0 0 0 0 0 0 0 
#qt 003232 0 0 0 0 0 0 0 0 
#qt 003233 0 0 0 0 0 0 0 0 
#qt 003234 0 0 0 0 0 0 0 0 
#qt 003241 0 0 0 0 0 0 0 0 
#qt 003242 0 0 0 0 0 0 0 0 
#qt 003243 0 0 0 0 0 0 0 0 
#qt 003244 0 0 0 0 0 0 0 0 
#qt 003311 0 0 0 0 0 0 0 0 
#qt 003312 0 0 0 0 0 0 0 0 
#qt 003313 0 0 0 0 0 0 0 0 
#qt 003314 0 0 0 0 0 0 0 0 
#qt 003321 0 2.04926 0.623702 0.576093 0.210888 0.553252 0.752545 0.426954 
#qt 003322 0 0 0 0 0 0 0 0 
#qt 003323 0 0 0 0 0 0 0 0 
#qt 003324 0 0 0 0 0 0 0 0 
#qt 003331 0 0 0 0 0 0 0 0 
#qt 003332 0 0 0 0 0 0 0 0 
#qt 003333 0 0 0 0 0 0 0 0 
#qt 003334 0 0 0 0 0 0 0 0 
#qt 003341 0 0 0 0 0 0 0 0 
#qt 003342 0 0 0 0 0 0 0 0 
#qt 003343 0 0 0 0 0 0 0 0 
#qt 003344 0 0 0 0 0 0 0 0 
#qt 003411 0 0 0 0 0 0 0 0 
#qt 003412 0.0157354 0 0 0 0 0 0 0 
#qt 003413 0 0 0 0 0 0 0 0 
#qt 003414 0 0 0 0 0 0 0 0 
#qt 003421 0.0218809 0 0 0 0 0 0 0 
#qt 003422 0 0 0 0 0 0 0 0 
#qt 003423 0.0166897 0 0 0 0 0 0 0 
#qt 003424 0 0 0 0 0 0 0 0 
#qt 003431 0 0 0 0 0 0 0 0 
#qt 003432 0 0 0 0 0 0 0 0 
#qt 003433 0 0 0 0 0 0 0 0 
#qt 003434 0 0 0 0 0 0 0 0 
#qt 003441 0 0 0 0 0 0 0 0 
#qt 003442 0 0 0 0 0 0 0 0 
#qt 003443 0 0 0 0 0 0 0 0 
#qt 003444 0.042837 0 0 0 0 0 0 0 
#qt 004111 0 0 0 0 0 0 0 0 
#qt 004112 0 0 0 0 0 0 0 0 
#qt 004113 0 0 0 0 0 0 0 0 
#qt 004114 0 0 0 0 0 0 0 0 
#qt 004121 0 0 0 0 0 0 0 0 
#qt 004122 0 0 0 0 0 0 0 0 
#qt 004123 0 0 0 0 0 0 0 0 
#qt 004124 0 0 0 0 0 0 0 0 
#qt 004131 0 0 0 0 0 0 0 0 
#qt 004132 0 0 0 0 0 0 0 0 
#qt 004133 0 0 0 0 0 0 0 0 
#qt 004134 0 0 0 0 0 0 0 0 
#qt 004141 0 0 0 0 0 0 0 0 
#qt 004142 0 0 0 0 0 0 0 0 
#qt 004143 0 0 0 0 0 0 0 0 
#qt 004144 0 0 0 0 0 0 0 0 
#qt 004211 0 0 0 0 0 0 0 0 
#qt 004212 0 0 0 0 0 0 0 0 
#qt 004213 0 0 0 0 0 0 0 0 
#qt 004214 0 0 0 0 0 0 0 0 
#qt 004221 0 0 0 0 0 0 0 0 
#qt 004222 0 0 0 0 0 0 0 0 
#qt 004223 0 0 0 0 0 0 0 0 
#qt 004224 0 0 0 0 0 0 0 0 
#qt 004231 0 0 0 0 0 0 0 0 
#qt 004232 0 0 0 0 0 0 0 0 
#qt 004233 0 0 0 0 0 0 0 0 
#qt 004234 0 0 0 0 0 0 0 0 
#qt 004241 0 0 0 0 0 0 0 0 
#qt 004242 0 0 0 0 0 0 0 0 
#qt 004243 0 0 0 0 0 0 0 0 
#qt 004244 0 0 0 0 0 0 0 0 
#qt 004311 0 0 0 0 0 0 0 0 
#qt 004312 0 0 0 0 0 0 0 0 
#qt 004313 0 0 0 0 0 0 0 0 
#qt 004314 0 0.490893 0.565665 0.740769 0.357114 0.491516 2.03474 0.521088 
#qt 004321 0 0 0 0 0 0 0 0 
#qt 004322 0 0 0 0 0 0 0 0 
#qt 004323 0 0 0 0 0 0 0 0 
#qt 004324 0 0 0 0 0 0 0 0 
#qt 004331 0 0 0 0 0 0 0 0 
#qt 004332 0 0 0 0 0 0 0 0 
#qt 004333 0 0 0 0 0 0 0 0 
#qt 004334 0 0 0 0 0 0 0 0 
#qt 004341 0 0 0 0 0 0 0 0 
#qt 004342 0 0 0 0 0 0 0 0 
#qt 004343 0 0 0 0 0 0 0 0 
#qt 004344 0 0 0 0 0 0 0 0 
#qt 004411 0.400079 0.33739 0.309794 0.354603 2.26718 0.696121 0.598794 0.406296 
#qt 004412 0.297319 0.32802 0.339199 2.22058 0.619521 0.571676 0.18914 0.615919 
#qt 004413 0 0 0 0 0 0 0 0 
#qt 004414 0 0 0 0 0 0 0 0 
#qt 004421 0 0 0 0 0 0 0 0 
#qt 004422 0 0 0 0 0 0 0 0 
#qt 004423 0 0 0 0 0 0 0 0 
#qt 004424 0 0 0 0 0 0 0 0 
#qt 004431 0 0 0 0 0 0 0 0 
#qt 004432 0 0 0 0 0 0 0 0 
#qt 004433 0 0 0 0 0 0 0 0 
#qt 004434 0 0 0 0 0 0 0 0 
#qt 004441 0 0 0 0 0 0 0 0 
#qt 004442 0 0 0 0 0 0 0 0 
#qt 004443 0 0 0 0 0 0 0 0 
#qt 004444 0 0 0 0 0 0 0 0 
#qt 011111 0 0 0 0 0 0 0 0 
#qt 011112 0 0 0 0 0 0 0 0 
#qt 011113 0 0 0 0 0 0 0 0 
#qt 011114 0 0 0 0 0 0 0 0 
#qt 011121 0 0 0 0 0 0 0 0 
#qt 011122 0 0 0 0 0 0 0 0 
#qt 011123 1.25503 1.34787 1.16916 1.11267 1.34602 1.22669 2.1793 1.08089 
#qt 011124 0.128172 0.127678 0.141294 0.169297 0.170102 0.168037 0.164802 0.170527 
#qt 011131 0 0 0 0 0 0 0 0 
#qt 011132 0 0 0 0 0 0 0 0 
#qt 011133 0 0 0 0 0 0 0 0 
#qt 011134 0 0 0 0 0 0 0 0 
#qt 011141 0.0692001 0.0467745 0.0539871 0.104924 0.0982975 0.0621999 0.0940807 0.0891568 
#qt 011142 0 0 0 0 0 0 0 0 
#qt 011143 0 0 0 0 0 0 0 0 
#qt 011144 0.091494 0.091556 0.0943117 0.138356 0.136595 0.138521 0.124468 0.157101 
#qt 011211 0 0 0 0 0 0 0 0 
#qt 011212 0 0 0 0 0 0 0 0 
#qt 011213 0 0 0 0 0 0 0 0 
#qt 011214 0 0 0 0 0 0 0 0 
#qt 011221 0 0 0 0 0 0 0 0 
#qt 011222 1.56571 1.91656 1.11017 1.20912 1.19149 1.35087 1.32268 2.805 
#qt 011223 0 0 0 0 0 0 0 0 
#qt 011224 0 0 0 0 0 0 0 0 
#qt 011231 0 0 0 0 0 0 0 0 
#qt 011232 0 0 0 0 0 0 0 0 
#qt 011233 0 0 0 0 0 0 0 0 
#qt 011234 0 0 0 0 0 0 0 0 
#qt 011241 0 0 0 0 0 0 0 0 
#qt 011242 0 0 0 0 0 0 0 0 
#qt 011243 0 0 0 0 0 0 0 0 
#qt 011244 0 0 0 0 0 0 0 0 
#qt 011311 0 0 0 0 0 0 0 0 
#qt 011312 0 0 0 0 0 0 0 0 
#qt 011313 0 0 0 0 0 0 0 0 
#qt 011314 0 0 0 0 0 0 0 0 
#qt 011321 0 0 0 0 0 0 0 0 
#qt 011322 0 0 0 0 0 0 0 0 
#qt 011323 0 0 0 0 0 0 0 0 
#qt 011324 0 0 0 0 0 0 0 0 
#qt 011331 0 0 0 0 0 0 0 0 
#qt 011332 0 0 0 0 0 0 0 0 
#qt 011333 0 0 0 0 0 0 0 0 
#qt 011334 0 0 0 0 0 0 0 0 
#qt 011341 0 0 0 0 0 0 0 0 
#qt 011342 0 0 0 0 0 0 0 0 
#qt 011343 0 0 0 0 0 0 0 0 
#qt 011344 0 0 0 0 0 0 0 0 
#qt 011411 0 0 0 0 0 0 0 0 
#qt 011412 0 0 0 0 0 0 0 0 
#qt 011413 0 0 0 0 0 0 0 0 
#qt 011414 0.125077 0.167528 0.165915 0.130782 0.122567 0.131371 0.16296 0.160854 
#qt 011421 0.119613 0.140923 0.138808 0.138431 0.138193 0.139672 0.119533 0.116631 
#qt 011422 0 0 0 0 0 0 0 0 
#qt 011423 0 0 0 0 0 0 0 0 
#qt 011424 0 0 0 0 0 0 0 0 
#qt 011431 0 0 0 0 0 0 0 0 
#qt 011432 0 0 0 0 0 0 0 0 
#qt 011433 0 0 0 0 0 0 0 0 
#qt 011434 0 0 0 0 0 0 0 0 
#qt 011441 0.0914723 0.122842 0.0962494 0.115854 0.111083 0.11443 0.0742823 0.0720289 
#qt 011442 0.107028 0.155935 0.14197 0.147152 0.150968 0.151492 0.142404 0.149874 
#qt 011443 0 0 0 0 0 0 0 0 
#qt 011444 0.100069 0.146301 0.143795 0.12938 0.143307 0.139539 0.145409 0.144974 
#qt 012111 0 0 0 0 0 0 0 0 
#qt 012112 0 0 0 0 0 0 0 0 
#qt 012113 0 0 0 0 0 0 0 0 
#qt 012114 2.49973 1.37029 1.43059 1.27576 1.38995 1.24443 1.40965 1.47849 
#qt 012121 0 0 0 0 0 0 0 0 
#qt 012122 0 0 0 0 0 0 0 0 
#qt 012123 0 0 0 0 0 0 0 0 
#qt 012124 0 0 0 0 0 0 0 0 
#qt 012131 3.3683 1.60762 2.3757 1.31941 1.74382 2.37843 2.42344 2.36487 
#qt 012132 2.90327 1.72249 2.00881 1.72243 1.76466 1.26896 1.35725 1.41984 
#qt 012133 0 0 0 0 0 0 0 0 
#qt 012134 0 0 0 0 0 0 0 0 
#qt 012141 0 0 0 0 0 0 0 0 
#qt 012142 0 0 0 0 0 0 0 0 
#qt 012143 0 0 0 0 0 0 0 0 
#qt 012144 0.0236698 0.0660433 0.0663284 0.0659403 0.12356 0.12755 0.11505 0.105421 
#qt 012211 0 0 0 0 0 0 0 0 
#qt 012212 0 0 0 0 0 0 0 0 
#qt 012213 0 0 0 0 0 0 0 0 
#qt 012214 2.70422 1.25472 1.23841 1.2361 1.4579 1.21601 1.34012 1.34527 
#qt 012221 0 0 0 0 0 0 0 0 
#qt 012222 0 0 0 0 0 0 0 0 
#qt 012223 0 0 0 0 0 0 0 0 
#qt 012224 0 0 0 0 0 0 0 0 
#qt 012231 3.02761 1.82572 1.84515 1.73443 1.68784 2.1003 2.14788 2.09152 
#qt 012232 0 0 0 0 0 0 0 0 
#qt 012233 0 0 0 0 0 0 0 0 
#qt 012234 0 0 0 0 0 0 0 0 
#qt 012241 0 0 0 0 0 0 0 0 
#qt 012242 0 0 0 0 0 0 0 0 
#qt 012243 0 0 0 0 0 0 0 0 
#qt 012244 0.0233001 0.126062 0.150002 0.163701 0.16302 0.164109 0.150804 0.148995 
#qt 012311 0 0 0 0 0 0 0 0 
#qt 012312 0 0 0 0 0 0 0 0 
#qt 012313 0 0 0 0 0 0 0 0 
#qt 012314 0 0 0 0 0 0 0 0 
#qt 012321 0 0 0 0 0 0 0 0 
#qt 012322 0 0 0 0 0 0 0 0 
#qt 012323 0 0 0 0 0 0 0 0 
#qt 012324 0 0 0 0 0 0 0 0 
#qt 012331 0 0 0 0 0 0 0 0 
#qt 012332 0 0 0 0 0 0 0 0 
#qt 012333 0 0 0 0 0 0 0 0 
#qt 012334 0 0 0 0 0 0 0 0 
#qt 012341 0 0 0 0 0 0 0 0 
#qt 012342 0 0 0 0 0 0 0 0 
#qt 012343 0 0 0 0 0 0 0 0 
#qt 012344 0.0437779 0.135258 0.147827 0.167025 0.166581 0.171332 0.165927 0.148003 
#qt 012411 0 0 0 0 0 0 0 0 
#qt 012412 0 0 0 0 0 0 0 0 
#qt 012413 0 0 0 0 0 0 0 0 
#qt 012414 0.148434 0.150831 0.146585 0.12258 0.124072 0.123404 0.146489 0.121602 
#qt 012421 0 0 0 0 0 0 0 0 
#qt 012422 0.0227093 0.402104 0.393178 0.41964 0.39421 0.401734 0.359174 0.243454 
#qt 012423 0 0 0 0 0 0 0 0 
#qt 012424 0.0199986 0.123203 0.128196 0.144187 0.141382 0.143871 0.138512 0.123195 
#qt 012431 0.0199959 0.320977 0.330765 0.324832 0.335051 0.271273 0.27638 0.28249 
#qt 012432 0 0 0 0 0 0 0 0 
#qt 012433 0.0660748 0.130342 0.144814 0.157936 0.156115 0.164793 0.152291 0.142802 
#qt 012434 0.0402174 0.087544 0.0896098 0.120195 0.0899609 0.0907205 0.0902604 0.0889748 
#qt 012441 0.110817 0.0525507 0.102544 0.117039 0.105652 0.052679 0.0521836 0.0519229 
#qt 012442 0.16224 0.162903 0.15302 0.159713 0.159201 0.154 0.158698 0.164346 
#qt 012443 0.130197 0.120659 0.118377 0.122707 0.122593 0.123802 0.120831 0.105956 
#qt 012444 0.0414082 0.0849583 0.100279 0.1158 0.100188 0.101779 0.102166 0.0588636 
#qt 013111 0 0 0 0 0 0 0 0 
#qt 013112 0 0 0 0 0 0 0 0 
#qt 013113 0 0 0 0 0 0 0 0 
#qt 013114 0 0 0 0 0 0 0 0 
#qt 013121 0 0 0 0 0 0 0 0 
#qt 013122 2.92922 2.26278 1.90245 1.66622 1.70687 1.43021 1.35777 1.4553 
#qt 013123 0 0 0 0 0 0 0 0 
#qt 013124 0 0 0 0 0 0 0 0 
#qt 013131 0 0 0 0 0 0 0 0 
#qt 013132 0 0 0 0 0 0 0 0 
#qt 013133 0 0 0 0 0 0 0 0 
#qt 013134 0 0 0 0 0 0 0 0 
#qt 013141 0 0 0 0 0 0 0 0 
#qt 013142 0 0 0 0 0 0 0 0 
#qt 013143 0 0 0 0 0 0 0 0 
#qt 013144 0.0321185 0.0557182 0.0592974 0.0597565 0.112369 0.127413 0.106274 0.0932578 
#qt 013211 0 0 0 0 0 0 0 0 
#qt 013212 0 0 0 0 0 0 0 0 
#qt 013213 0 0 0 0 0 0 0 0 
#qt 013214 0 0 0 0 0 0 0 0 
#qt 013221 2.8412 1.49938 1.75633 1.53459 1.59505 1.63651 2.01424 1.61689 
#qt 013222 0 0 0 0 0 0 0 0 
#qt 013223 0 0 0 0 0 0 0 0 
#qt 013224 0 0 0 0 0 0 0 0 
#qt 013231 0 0 0 0 0 0 0 0 
#qt 013232 0 0 0 0 0 0 0 0 
#qt 013233 0 0 0 0 0 0 0 0 
#qt 013234 0 0 0 0 0 0 0 0 
#qt 013241 0 0 0 0 0 0 0 0 
#qt 013242 0 0 0 0 0 0 0 0 
#qt 013243 0 0 0 0 0 0 0 0 
#qt 013244 0.0377421 0.0807195 0.102569 0.118126 0.110289 0.115373 0.103077 0.0927811 
#qt 013311 0 0 0 0 0 0 0 0 
#qt 013312 0 0 0 0 0 0 0 0 
#qt 013313 0 0 0 0 0 0 0 0 
#qt 013314 0 0 0 0 0 0 0 0 
#qt 013321 2.53139 1.95143 1.46984 1.60997 1.71595 1.73256 2.01751 1.96118 
#qt 013322 0 0 0 0 0 0 0 0 
#qt 013323 0 0 0 0 0 0 0 0 
#qt 013324 0.125504 0 0 0 0 0 0 0 
#qt 013331 0 0 0 0 0 0 0 0 
#qt 013332 0 0 0 0 0 0 0 0 
#qt 013333 0 0 0 0 0 0 0 0 
#qt 013334 0 0 0 0 0 0 0 0 
#qt 013341 0 0 0 0 0 0 0 0 
#qt 013342 0 0 0 0 0 0 0 0 
#qt 013343 0 0 0 0 0 0 0 0 
#qt 013344 0.0629579 0.0936548 0.10743 0.109625 0.110239 0.112765 0.102554 0.0936968 
#qt 013411 0 0 0 0 0 0 0 0 
#qt 013412 0.0307454 0.126771 0.128942 0.135176 0.0731911 0.130819 0.131664 0.104214 
#qt 013413 0 0 0 0 0 0 0 0 
#qt 013414 0.0409517 0.10019 0.103927 0.114863 0.051193 0.110371 0.102227 0.0945137 
#qt 013421 0.0296991 0.107387 0.112404 0.0551464 0.116396 0.0581104 0.056262 0.0553537 
#qt 013422 0 0 0 0 0 0 0 0 
#qt 013423 0.0505 0.109041 0.127653 0.143449 0.134486 0.0783098 0.124999 0.111336 
#qt 013424 0.0398815 0.0919973 0.100461 0.113487 0.107323 0.0525951 0.100353 0.091873 
#qt 013431 0 0 0 0 0 0 0 0 
#qt 013432 0 0 0 0 0 0 0 0 
#qt 013433 0 0 0 0 0 0 0 0 
#qt 013434 0.171165 0.163145 0.164077 0.163918 0.15942 0.1574 0.151983 0.172598 
#qt 013441 0.123525 0.136442 0.118805 0.12429 0.124281 0.0673798 0.0756201 0.0675176 
#qt 013442 0.167846 0.171025 0.142074 0.149213 0.155246 0.157914 0.149782 0.164678 
#qt 013443 0.137862 0.139816 0.132451 0.132972 0.136356 0.136154 0.136432 0.143446 
#qt 013444 0.0679025 0.0857711 0.100727 0.116074 0.106514 0.101875 0.100935 0.0534307 
#qt 014111 0.0954056 0.0925652 0.0765646 0.0777175 0.0768192 0.0629978 0.077849 0.0764385 
#qt 014112 0 0 0 0 0 0 0 0 
#qt 014113 0 0 0 0 0 0 0 0 
#qt 014114 0.128566 0.153342 0.0719027 0.0768137 0.07153 0.127945 0.118171 0.133339 
#qt 014121 0 0 0 0 0 0 0 0 
#qt 014122 0 0 0 0 0 0 0 0 
#qt 014123 0 0 0 0 0 0 0 0 
#qt 014124 0.0966279 0.0879526 0.0352238 0.0922447 0.133904 0.168595 0.166935 0.0650508 
#qt 014131 0 0 0 0 0 0 0 0 
#qt 014132 0 0 0 0 0 0 0 0 
#qt 014133 0.173307 0.169019 0.138905 0.169296 0.170381 0.168021 0.167821 0.171081 
#qt 014134 0.152271 0.140326 0.110831 0.120826 0.151706 0.150261 0.149822 0.153487 
#qt 014141 0 0 0 0 0 0 0 0 
#qt 014142 0 0 0 0 0 0 0 0 
#qt 014143 0 0 0 0 0 0 0 0 
#qt 014144 0.131402 0.0703118 0.0735233 0.0790878 0.114061 0.123615 0.121978 0.147768 
#qt 014211 0 0 0 0 0 0 0 0 
#qt 014212 0 0 0 0 0 0 0 0 
#qt 014213 0 0 0 0 0 0 0 0 
#qt 014214 0.19231 0.192574 0.186176 0.167326 0.17447 0.176303 0.190022 0.193676 
#qt 014221 0 0 0 0 0 0 0 0 
#qt 014222 0 0 0 0 0 0 0 0 
#qt 014223 0.178956 0.143748 0.176824 0.175204 0.17579 0.178262 0.178735 0.179699 
#qt 014224 0.179585 0.178444 0.17857 0.177393 0.17901 0.17893 0.177942 0.178702 
#qt 014231 0 0 0 0 0 0 0 0 
#qt 014232 0.178693 0.175945 0.178267 0.176211 0.177924 0.17796 0.17832 0.178212 
#qt 014233 0.16055 0.161096 0.159185 0.162049 0.16078 0.161636 0.161831 0.159405 
#qt 014234 0.128282 0.12865 0.126227 0.123695 0.125622 0.127714 0.127638 0.12934 
#qt 014241 0 0 0 0 0 0 0 0 
#qt 014242 0 0 0 0 0 0 0 0 
#qt 014243 0.141751 0.143631 0.118846 0.120896 0.111208 0.118795 0.131123 0.1719 
#qt 014244 0.124458 0.125709 0.11415 0.0890249 0.121641 0.126967 0.115543 0.14372 
#qt 014311 0 0 0 0 0 0 0 0 
#qt 014312 0 0 0 0 0 0 0 0 
#qt 014313 0 0 0 0 0 0 0 0 
#qt 014314 0.223025 0.220987 0.223379 0.196493 0.191065 0.182855 0.211256 0.218745 
#qt 014321 0 0 0 0 0 0 0 0 
#qt 014322 0.1983 0.199179 0.198839 0.196476 0.196387 0.199645 0.190593 0.200611 
#qt 014323 0.200206 0.200577 0.199522 0.198428 0.200418 0.187173 0.197085 0.20108 
#qt 014324 0.140117 0.14032 0.0896242 0.125099 0.130862 0.0946662 0.116795 0.0932835 
#qt 014331 0.161397 0.159957 0.159936 0.160022 0.159195 0.131072 0.134172 0.143885 
#qt 014332 0.169383 0.175676 0.18219 0.182155 0.180409 0.179742 0.178736 0.177432 
#qt 014333 0.0542884 0 0 0 0 0 0 0 
#qt 014334 0 0 0 0 0 0 0 0 
#qt 014341 0 0 0 0 0 0 0 0 
#qt 014342 0.142723 0.150582 0.12784 0.117831 0.128423 0.121165 0.129873 0.169646 
#qt 014343 0.130601 0.137411 0.118544 0.129344 0.123033 0.129951 0.119912 0.137585 
#qt 014344 0.129595 0.123834 0.123045 0.122605 0.12235 0.125525 0.125575 0.144715 
#qt 014411 0.035076 0.0740726 0.0839917 0.11269 0.0358064 0.0342616 0.0335332 0.0610337 
#qt 014412 0.20904 0.204733 0.203224 0.19086 0.189743 0.183447 0.193228 0.207838 
#qt 014413 0.185366 0.185494 0.180693 0.183313 0.152926 0.149756 0.185528 0.185208 
#qt 014414 0.121245 0.121419 0.120425 0.121088 0.104224 0.121132 0.120612 0.149419 
#qt 014421 0.172675 0.17292 0.170613 0.173623 0.171942 0.129115 0.158028 0.15303 
#qt 014422 0.161115 0.160697 0.158052 0.159389 0.159869 0.155432 0.159572 0.124395 
#qt 014423 0.0350869 0.140941 0.0288262 0.0519235 0.0595191 0 0 0 
#qt 014424 0.13713 0.137219 0.133722 0.086978 0.134937 0.135678 0.129831 0.155359 
#qt 014431 0.156303 0.149282 0.149522 0.147881 0.148624 0.150824 0.120283 0.151093 
#qt 014432 0 0.0594358 0 0.0528013 0 0.0371352 0.0621193 0.136631 
#qt 014433 0 0 0 0 0 0 0 0 
#qt 014434 0.121506 0.12934 0.113029 0.122995 0.118592 0.101386 0.100582 0.12934 
#qt 014441 0.122854 0.133321 0.114107 0.101121 0.0926081 0.113712 0.0674775 0.129726 
#qt 014442 0.123103 0.124212 0.109039 0.100552 0.0928239 0.100329 0.114039 0.157109 
#qt 014443 0.121696 0.126076 0.0993289 0.100355 0.0914095 0.100817 0.111948 0.129344 
#qt 014444 0.101032 0.106489 0.106001 0.112876 0.103734 0.105445 0.0996403 0.105519 
#qt 021111 0 0 0 0 0 0 0 0 
#qt 021112 0 0 0 0 0 0 0 0 
#qt 021113 1.02152 0.995784 1.06557 0.953511 0.938534 0.958996 1.92091 0.932901 
#qt 021114 0 0 0 0 0 0 0 0 
#qt 021121 0 0 0 0 0 0 0 0 
#qt 021122 0 0 0 0 0 0 0 0 
#qt 021123 1.38194 1.54651 1.35362 1.60153 2.58723 1.48774 1.65581 1.59203 
#qt 021124 0 0 0 0 0 0 0 0 
#qt 021131 0 0 0 0 0 0 0 0 
#qt 021132 0 0 0 0 0 0 0 0 
#qt 021133 0 0 0 0 0 0 0 0 
#qt 021134 0 0 0 0 0 0 0 0 
#qt 021141 0 0 0 0 0 0 0 0 
#qt 021142 1.41366 1.43235 1.26722 1.45524 2.45893 1.21244 1.21473 1.32736 
#qt 021143 0 0 0 0 0 0 0 0 
#qt 021144 0.0343411 0.0395165 0.039103 0.0857965 0.0716696 0.0807976 0.0807151 0.0490831 
#qt 021211 0 0 0 0 0 0 0 0 
#qt 021212 1.42199 1.32135 0.972102 1.18057 1.28136 2.26945 1.3549 1.22336 
#qt 021213 0 0 0 0 0 0 0 0 
#qt 021214 0 0 0 0 0 0 0 0 
#qt 021221 0 0 0 0 0 0 0 0 
#qt 021222 1.36009 1.62448 1.15591 1.1406 2.56383 1.49119 1.53934 1.29433 
#qt 021223 0 0 0 0 0 0 0 0 
#qt 021224 0 0 0 0 0 0 0 0 
#qt 021231 0 0 0 0 0 0 0 0 
#qt 021232 0 0 0 0 0 0 0 0 
#qt 021233 0 0 0 0 0 0 0 0 
#qt 021234 0 0 0 0 0 0 0 0 
#qt 021241 1.1989 1.22569 1.04454 1.38199 2.38835 1.44388 1.17025 1.47378 
#qt 021242 0 0 0 0 0 0 0 0 
#qt 021243 0 0 0 0 0 0 0 0 
#qt 021244 0.0399204 0.051253 0.0888072 0.129446 0.0541987 0.0989523 0.0873536 0.0449574 
#qt 021311 0 0 0 0 0 0 0 0 
#qt 021312 0 0 0 0 0 0 0 0 
#qt 021313 0 0 0 0 0 0 0 0 
#qt 021314 0 0 0 0 0 0 0 0 
#qt 021321 0 0 0 0 0 0 0 0 
#qt 021322 0 0 0 0 0 0 0 0 
#qt 021323 0 0 0 0 0 0 0 0 
#qt 021324 0 0 0 0 0 0 0 0 
#qt 021331 0 0 0 0 0 0 0 0 
#qt 021332 0 0 0 0 0 0 0 0 
#qt 021333 0 0 0 0 0 0 0 0 
#qt 021334 0 0 0 0 0 0 0 0 
#qt 021341 1.15566 1.24748 1.02815 1.25847 2.24283 1.26697 1.30774 1.24504 
#qt 021342 0 0 0 0 0 0 0 0 
#qt 021343 0 0 0 0 0 0 0 0 
#qt 021344 0.0476152 0.0441494 0.0873055 0.121819 0.0547487 0.0846276 0.0855704 0.0418221 
#qt 021411 0 0 0 0 0 0 0 0 
#qt 021412 0 0 0 0 0 0 0 0 
#qt 021413 0 0 0 0 0 0 0 0 
#qt 021414 0 0 0 0 0 0 0 0 
#qt 021421 0 0 0 0 0 0 0 0 
#qt 021422 0 0 0 0 0 0 0 0 
#qt 021423 0 0 0 0 0 0 0 0 
#qt 021424 0 0 0 0 0 0 0 0 
#qt 021431 0 0 0 0 0 0 0 0 
#qt 021432 0.0660002 0.065891 0.114723 0.130813 0.104087 0.10703 0.113515 0.0673688 
#qt 021433 0.0358895 0.035204 0.0712846 0.0959529 0.0264556 0.0684506 0.0440446 0.0307849 
#qt 021434 0 0 0 0 0 0 0 0 
#qt 021441 0.0593397 0.0593397 0.104067 0.102506 0.101108 0.0593397 0.0593397 0.0593397 
#qt 021442 0.0312078 0.0253042 0.0810664 0.0951561 0.0399094 0.0180867 0.054311 0.0324717 
#qt 021443 0.0423734 0.0434132 0.0895783 0.114148 0.0686549 0.0996801 0.0908107 0.0383003 
#qt 021444 0.04265 0.0418773 0.1063 0.092647 0.055578 0.0783514 0.0857262 0.0401664 
#qt 022111 0 0 0 0 0 0 0 0 
#qt 022112 0 0 0 0 0 0 0 0 
#qt 022113 0 0 0 0 0 0 0 0 
#qt 022114 0 0 0 0 0 0 0 0 
#qt 022121 0 0 0 0 0 0 0 0 
#qt 022122 0 0 0 0 0 0 0 0 
#qt 022123 0 0 0 0 0 0 0 0 
#qt 022124 0 0 0 0 0 0 0 0 
#qt 022131 1.2686 1.11716 1.50037 1.34262 2.6309 1.1373 1.33572 1.32485 
#qt 022132 1.32682 1.42508 1.19175 1.21823 2.76395 1.18829 1.2203 1.0691 
#qt 022133 0 0 0 0 0 0 0 0 
#qt 022134 0 0 0 0 0 0 0 0 
#qt 022141 0 0 0 0 0 0 0 0 
#qt 022142 0 0 0 0 0 0 0 0 
#qt 022143 0 0 0 0 0 0 0 0 
#qt 022144 0 0 0 0 0 0 0 0 
#qt 022211 0 0 0 0 0 0 0 0 
#qt 022212 0 0 0 0 0 0 0 0 
#qt 022213 0 0 0 0 0 0 0 0 
#qt 022214 0 0 0 0 0 0 0 0 
#qt 022221 0 0 0 0 0 0 0 0 
#qt 022222 0 0 0 0 0 0 0 0 
#qt 022223 0 0 0 0 0 0 0 0 
#qt 022224 0 0 0 0 0 0 0 0 
#qt 022231 1.28759 1.10321 1.51656 1.54304 2.64747 1.56629 1.54066 1.52874 
#qt 022232 0 0 0 0 0 0 0 0 
#qt 022233 0 0 0 0 0 0 0 0 
#qt 022234 0 0 0 0 0 0 0 0 
#qt 022241 0 0 0 0 0 0 0 0 
#qt 022242 0 0 0 0 0 0 0 0 
#qt 022243 0 0 0 0 0 0 0 0 
#qt 022244 0.106558 0 0 0 0.0117107 0 0.0154598 0.0221052 
#qt 022311 0 0 0 0 0 0 0 0 
#qt 022312 0 0 0 0 0 0 0 0 
#qt 022313 0 0 0 0 0 0 0 0 
#qt 022314 0 0 0 0 0 0 0 0 
#qt 022321 0 0 0 0 0 0 0 0 
#qt 022322 0 0 0 0 0 0 0 0 
#qt 022323 0 0 0 0 0 0 0 0 
#qt 022324 0 0 0 0 0 0 0 0 
#qt 022331 0 0 0 0 0 0 0 0 
#qt 022332 0 0 0 0 0 0 0 0 
#qt 022333 0 0 0 0 0 0 0 0 
#qt 022334 0 0 0 0 0 0 0 0 
#qt 022341 0 0 0 0 0 0 0 0 
#qt 022342 0 0 0 0 0 0 0 0 
#qt 022343 0 0 0 0 0 0 0 0 
#qt 022344 0.106524 0.049589 0 0 0 0 0 0.021884 
#qt 022411 0 0 0 0 0 0 0 0 
#qt 022412 0 0 0 0 0 0 0 0 
#qt 022413 0 0 0 0 0 0 0 0 
#qt 022414 0 0 0 0 0 0 0 0 
#qt 022421 0 0 0 0 0 0 0 0 
#qt 022422 0.107661 0.0226768 0 0.0618792 0.0201692 0.013542 0.0593858 0.0427222 
#qt 022423 0 0 0 0 0 0 0 0 
#qt 022424 0 0 0 0 0 0 0 0 
#qt 022431 0.0993397 0.0715385 0.0826093 0.0626303 0.0362039 0.039115 0.0392573 0.0386057 
#qt 022432 0 0 0 0 0 0 0 0 
#qt 022433 0.0927563 0.0179801 0.0303241 0.016926 0 0.0188101 0 0 
#qt 022434 0 0 0 0 0 0 0 0 
#qt 022441 0 0 0 0 0 0 0 0 
#qt 022442 0 0 0 0 0 0 0 0 
#qt 022443 0 0 0 0 0 0 0 0 
#qt 022444 0.0904447 0 0 0 0 0.0107307 0 0 
#qt 023111 0 0 0 0 0 0 0 0 
#qt 023112 0 0 0 0 0 0 0 0 
#qt 023113 0 0 0 0 0 0 0 0 
#qt 023114 0 0 0 0 0 0 0 0 
#qt 023121 0 0 0 0 0 0 0 0 
#qt 023122 1.192 1.63712 1.68047 1.43026 2.8794 1.21139 1.21231 1.12255 
#qt 023123 0 0 0 0 0 0 0 0 
#qt 023124 0 0 0 0 0 0 0 0 
#qt 023131 0 0 0 0 0 0 0 0 
#qt 023132 0 0 0 0 0 0 0 0 
#qt 023133 0 0 0 0 0 0 0 0 
#qt 023134 0 0 0 0 0 0 0 0 
#qt 023141 0 0 0 0 0 0 0 0 
#qt 023142 0 0 0 0 0 0 0 0 
#qt 023143 0 0 0 0 0 0 0 0 
#qt 023144 0 0 0 0 0 0 0 0 
#qt 023211 0 0 0 0 0 0 0 0 
#qt 023212 0 0 0 0 0 0 0 0 
#qt 023213 0 0 0 0 0 0 0 0 
#qt 023214 0 0 0 0 0 0 0 0 
#qt 023221 1.46042 1.23623 1.48079 1.65731 2.97435 1.42043 1.38444 1.74293 
#qt 023222 0 0 0 0 0 0 0 0 
#qt 023223 0 0 0 0 0 0 0 0 
#qt 023224 0 0 0 0 0 0 0 0 
#qt 023231 0 0 0 0 0 0 0 0 
#qt 023232 0 0 0 0 0 0 0 0 
#qt 023233 0 0 0 0 0 0 0 0 
#qt 023234 0 0 0 0 0 0 0 0 
#qt 023241 0 0 0 0 0 0 0 0 
#qt 023242 0 0 0 0 0 0 0 0 
#qt 023243 0 0 0 0 0 0 0 0 
#qt 023244 0 0 0 0 0 0 0 0 
#qt 023311 0 0 0 0 0 0 0 0 
#qt 023312 0 0 0 0 0 0 0 0 
#qt 023313 0 0 0 0 0 0 0 0 
#qt 023314 0 0 0 0 0 0 0 0 
#qt 023321 1.19774 1.67582 1.298 1.43329 2.70557 1.34504 1.6423 1.40433 
#qt 023322 0 0 0 0 0 0 0 0 
#qt 023323 0 0 0 0 0 0 0 0 
#qt 023324 0 0 0 0 0 0 0 0 
#qt 023331 0 0 0 0 0 0 0 0 
#qt 023332 0 0 0 0 0 0 0 0 
#qt 023333 0 0 0 0 0 0 0 0 
#qt 023334 0 0 0 0 0 0 0 0 
#qt 023341 0 0 0 0 0 0 0 0 
#qt 023342 0 0 0 0 0 0 0 0 
#qt 023343 0 0 0 0 0 0 0 0 
#qt 023344 0 0 0 0 0 0 0 0 
#qt 023411 0 0 0 0 0 0 0 0 
#qt 023412 0 0 0 0 0 0 0 0 
#qt 023413 0 0 0 0 0 0 0 0 
#qt 023414 0 0 0 0 0 0 0 0 
#qt 023421 0 0 0 0 0 0 0 0 
#qt 023422 0 0 0 0 0 0 0 0 
#qt 023423 0 0 0 0 0 0 0 0 
#qt 023424 0 0 0 0 0 0 0 0 
#qt 023431 0 0 0 0 0 0 0 0 
#qt 023432 0 0 0 0 0 0 0 0 
#qt 023433 0 0 0 0 0 0 0 0 
#qt 023434 0 0 0 0 0 0 0 0 
#qt 023441 0 0 0 0 0 0 0 0 
#qt 023442 0 0 0 0 0 0 0 0 
#qt 023443 0 0 0 0 0 0 0 0 
#qt 023444 0 0 0 0 0 0 0 0 
#qt 024111 0 0 0 0 0 0 0 0 
#qt 024112 0 0 0 0 0 0 0 0 
#qt 024113 0 0 0 0 0 0 0 0 
#qt 024114 0 0 0 0 0 0 0 0 
#qt 024121 0 0 0 0 0 0 0 0 
#qt 024122 0 0 0 0 0 0 0 0 
#qt 024123 0 0 0 0 0 0 0 0 
#qt 024124 0 0 0 0 0 0 0 0 
#qt 024131 0 0 0 0 0 0 0 0 
#qt 024132 0 0 0 0 0 0 0 0 
#qt 024133 0 0 0 0 0 0 0 0 
#qt 024134 0 0 0 0 0 0 0 0 
#qt 024141 0 0 0 0 0 0 0 0 
#qt 024142 0 0 0 0 0 0 0 0 
#qt 024143 0 0 0 0 0 0 0 0 
#qt 024144 0 0 0 0 0 0 0 0 
#qt 024211 0 0 0 0 0 0 0 0 
#qt 024212 0 0 0 0 0 0 0 0 
#qt 024213 0 0 0 0 0 0 0 0 
#qt 024214 0 0 0 0 0 0 0 0 
#qt 024221 0 0 0 0 0 0 0 0 
#qt 024222 0 0 0 0 0 0 0 0 
#qt 024223 0 0 0 0 0 0 0 0 
#qt 024224 0 0 0 0 0 0 0 0 
#qt 024231 0 0 0 0 0 0 0 0 
#qt 024232 0 0 0 0 0 0 0 0 
#qt 024233 0 0 0 0 0 0 0 0 
#qt 024234 0 0 0 0 0 0 0 0 
#qt 024241 0 0 0 0 0 0 0 0 
#qt 024242 0 0 0 0 0 0 0 0 
#qt 024243 0 0 0 0 0 0 0 0 
#qt 024244 0 0 0 0 0 0 0 0 
#qt 024311 0 0 0 0 0 0 0 0 
#qt 024312 0 0 0 0 0 0 0 0 
#qt 024313 0 0 0 0 0 0 0 0 
#qt 024314 0 0 0 0 0 0 0 0 
#qt 024321 0 0 0 0 0 0 0 0 
#qt 024322 0 0 0 0 0 0 0 0 
#qt 024323 0 0 0 0 0 0 0 0 
#qt 024324 0 0 0 0 0 0 0 0 
#qt 024331 0 0 0 0 0 0 0 0 
#qt 024332 0 0 0 0 0 0 0 0 
#qt 024333 0 0 0 0 0 0 0 0 
#qt 024334 0 0 0 0 0 0 0 0 
#qt 024341 0 0 0 0 0 0 0 0 
#qt 024342 0 0 0 0 0 0 0 0 
#qt 024343 0 0 0 0 0 0 0 0 
#qt 024344 0 0 0 0 0 0 0 0 
#qt 024411 0 0 0 0 0 0 0 0 
#qt 024412 0 0 0 0 0 0 0 0 
#qt 024413 0 0 0 0 0 0 0 0 
#qt 024414 0 0 0 0 0 0 0 0 
#qt 024421 0 0 0 0 0 0 0 0 
#qt 024422 0 0 0 0 0 0 0 0 
#qt 024423 0 0 0 0 0 0 0 0 
#qt 024424 0 0 0 0 0 0 0 0 
#qt 024431 0 0 0 0 0 0 0 0 
#qt 024432 0 0 0 0 0 0 0 0 
#qt 024433 0 0 0 0 0 0 0 0 
#qt 024434 0 0 0 0 0 0 0 0 
#qt 024441 0 0 0 0 0 0 0 0 
#qt 024442 0 0 0 0 0 0 0 0 
#qt 024443 0 0 0 0 0 0 0 0 
#qt 024444 0 0 0 0 0 0 0 0 
#qt 101111 0 0 0 0 0 0 0 0 
#qt 101112 0 0 0 0 0 0 0 0 
#qt 101113 1.15505 1.05213 1.17027 1.12199 0.997578 1.15532 2.25623 0.993184 
#qt 101114 0 0 0 0 0 0 0 0 
#qt 101121 0 0 0 0 0 0 0 0 
#qt 101122 0 0 0 0 0 0 0 0 
#qt 101123 1.19963 1.07163 1.22449 1.20603 1.00414 2.05402 1.13812 1.2492 
#qt 101124 0 0 0 0 0 0 0 0 
#qt 101131 0 0 0 0 0 0 0 0 
#qt 101132 0 0 0 0 0 0 0 0 
#qt 101133 0 0 0 0 0 0 0 0 
#qt 101134 0 0 0 0 0 0 0 0 
#qt 101141 0 0 0 0 0 0 0 0 
#qt 101142 1.75747 1.59303 1.76936 1.57048 1.72049 1.62026 2.90762 1.68258 
#qt 101143 0 0 0 0 0 0 0 0 
#qt 101144 0.0650424 0.0652389 0.0644472 0.128754 0.122194 0.113741 0.0233968 0.0768811 
#qt 101211 0 0 0 0 0 0 0 0 
#qt 101212 1.25137 1.22268 1.13531 1.28783 1.38514 2.31175 1.2738 1.1861 
#qt 101213 0 0 0 0 0 0 0 0 
#qt 101214 0 0 0 0 0 0 0 0 
#qt 101221 0 0 0 0 0 0 0 0 
#qt 101222 1.14275 1.38057 1.02261 1.10941 1.31923 1.41064 2.45898 1.1168 
#qt 101223 0 0 0 0 0 0 0 0 
#qt 101224 0 0 0 0 0 0 0 0 
#qt 101231 0 0 0 0 0 0 0 0 
#qt 101232 0 0 0 0 0 0 0 0 
#qt 101233 0 0 0 0 0 0 0 0 
#qt 101234 0 0 0 0 0 0 0 0 
#qt 101241 0 0 0 0 0 0 0 0 
#qt 101242 0 0 0 0 0 0 0 0 
#qt 101243 0 0 0 0 0 0 0 0 
#qt 101244 0.0954833 0.0991305 0.15649 0.160899 0.15403 0.152572 0.0439287 0.0984409 
#qt 101311 0 0 0 0 0 0 0 0 
#qt 101312 0 0 0 0 0 0 0 0 
#qt 101313 0 0 0 0 0 0 0 0 
#qt 101314 0 0 0 0 0 0 0 0 
#qt 101321 0 0 0 0 0 0 0 0 
#qt 101322 0 0 0 0 0 0 0 0 
#qt 101323 0 0 0 0 0 0 0 0 
#qt 101324 0 0 0 0 0 0 0 0 
#qt 101331 0 0 0 0 0 0 0 0 
#qt 101332 0 0 0 0 0 0 0 0 
#qt 101333 0 0 0 0 0 0 0 0 
#qt 101334 0 0 0 0 0 0 0 0 
#qt 101341 1.12421 1.04982 1.82199 1.02942 1.17592 1.03818 0.964985 1.07739 
#qt 101342 0 0 0 0 0 0 0 0 
#qt 101343 0 0 0 0 0 0 0 0 
#qt 101344 0.0709315 0.0715228 0.13154 0.135084 0.127013 0.120979 0.0447729 0.070957 
#qt 101411 0 0 0 0 0 0 0 0 
#qt 101412 0 0 0 0 0 0 0 0 
#qt 101413 1.75375 1.66574 1.80483 1.76431 1.98343 1.83168 2.84279 1.8175 
#qt 101414 0 0 0 0 0 0 0 0 
#qt 101421 0 0 0 0 0 0 0 0 
#qt 101422 0 0 0 0 0 0 0 0 
#qt 101423 0 0 0 0 0 0 0 0 
#qt 101424 0 0 0 0 0 0 0 0 
#qt 101431 0 0 0 0 0 0 0 0 
#qt 101432 0.273434 0.267562 0.326521 0.3121 0.328416 0.30946 0.0199979 0.269862 
#qt 101433 0.0905081 0.089704 0.150501 0.153029 0.145524 0.142611 0.0660904 0.0889081 
#qt 101434 0 0 0 0 0 0 0 0 
#qt 101441 0.0778116 0.132418 0.129084 0.135758 0.125086 0.141264 0.0779731 0.0795308 
#qt 101442 0.0956711 0.0954936 0.154136 0.157759 0.150978 0.147906 0.0200076 0.0933778 
#qt 101443 0.329925 0.369061 0.385682 0.382892 0.411988 0.393804 0.0236293 0.343235 
#qt 101444 0.0668878 0.10317 0.0921452 0.10644 0.103001 0.102548 0.0987722 0.10123 
#qt 102111 0 0 0 0 0 0 0 0 
#qt 102112 0 0 0 0 0 0 0 0 
#qt 102113 0 0 0 0 0 0 0 0 
#qt 102114 1.28047 1.3884 1.26753 1.26304 1.27599 1.18309 2.28922 1.32901 
#qt 102121 0 0 0 0 0 0 0 0 
#qt 102122 0 0 0 0 0 0 0 0 
#qt 102123 0 0 0 0 0 0 0 0 
#qt 102124 0 0 0 0 0 0 0 0 
#qt 102131 1.02337 1.08037 1.07432 1.26576 2.01522 1.31496 1.23685 1.1397 
#qt 102132 0.984903 1.12884 1.39043 1.28858 1.47353 1.43102 2.60855 1.15049 
#qt 102133 0 0 0 0 0 0 0 0 
#qt 102134 0 0 0 0 0 0 0 0 
#qt 102141 0 0 0 0 0 0 0 0 
#qt 102142 0 0 0 0 0 0 0 0 
#qt 102143 0 0 0 0 0 0 0 0 
#qt 102144 0.0946165 0.0435102 0.0473836 0.054158 0.103816 0.0990266 0.0613594 0.0881063 
#qt 102211 0 0 0 0 0 0 0 0 
#qt 102212 0 0 0 0 0 0 0 0 
#qt 102213 0 0 0 0 0 0 0 0 
#qt 102214 1.45907 1.35142 1.33597 1.393 1.46912 1.52387 2.55084 1.55 
#qt 102221 0 0 0 0 0 0 0 0 
#qt 102222 0 0 0 0 0 0 0 0 
#qt 102223 0 0 0 0 0 0 0 0 
#qt 102224 0 0 0 0 0 0 0 0 
#qt 102231 0 0 0 0 0 0 0 0 
#qt 102232 0 0 0 0 0 0 0 0 
#qt 102233 0 0 0 0 0 0 0 0 
#qt 102234 0 0 0 0 0 0 0 0 
#qt 102241 0 0 0 0 0 0 0 0 
#qt 102242 0 0 0 0 0 0 0 0 
#qt 102243 0 0 0 0 0 0 0 0 
#qt 102244 0.102425 0.114694 0.110313 0.115432 0.104993 0.096889 0.0575948 0.0911502 
#qt 102311 0 0 0 0 0 0 0 0 
#qt 102312 0 0 0 0 0 0 0 0 
#qt 102313 0 0 0 0 0 0 0 0 
#qt 102314 0 0 0 0 0 0 0 0 
#qt 102321 0 0 0 0 0 0 0 0 
#qt 102322 0 0 0 0 0 0 0 0 
#qt 102323 0 0 0 0 0 0 0 0 
#qt 102324 0 0 0 0 0 0 0 0 
#qt 102331 0 0 0 0 0 0 0 0 
#qt 102332 0 0 0 0 0 0 0 0 
#qt 102333 0 0 0 0 0 0 0 0 
#qt 102334 0 0 0 0 0 0 0 0 
#qt 102341 0 0 0 0 0 0 0 0 
#qt 102342 0 0 0 0 0 0 0 0 
#qt 102343 0 0 0 0 0 0 0 0 
#qt 102344 0.100378 0.113321 0.10845 0.11512 0.101373 0.0927187 0.057519 0.0805504 
#qt 102411 0 0 0 0 0 0 0 0 
#qt 102412 0 0 0 0 0 0 0 0 
#qt 102413 0 0 0 0 0 0 0 0 
#qt 102414 0 0 0 0 0 0 0 0 
#qt 102421 0 0 0 0 0 0 0 0 
#qt 102422 0.10981 0.123781 0.11857 0.123877 0.110474 0.0951454 0.0296608 0.0894386 
#qt 102423 0 0 0 0 0 0 0 0 
#qt 102424 0.101932 0.116797 0.109919 0.115552 0.103604 0.0967092 0.0505201 0.0749115 
#qt 102431 0 0 0 0 0 0 0 0 
#qt 102432 0 0 0 0 0 0 0 0 
#qt 102433 0.105339 0.118512 0.113565 0.118905 0.106723 0.09933 0.0416966 0.0854242 
#qt 102434 0.105183 0.105225 0.112092 0.118238 0.103668 0.0919276 0.033476 0.076534 
#qt 102441 0 0 0 0 0 0 0 0 
#qt 102442 0.103692 0.118755 0.113087 0.118851 0.105355 0.100404 0.0414264 0.0559803 
#qt 102443 0 0 0 0 0 0 0 0 
#qt 102444 0.0974536 0.0869062 0.0909747 0.112769 0.0923403 0.0867383 0.0602379 0.0655734 
#qt 103111 0 0 0 0 0 0 0 0 
#qt 103112 0 0 0 0 0 0 0 0 
#qt 103113 0 0 0 0 0 0 0 0 
#qt 103114 0 0 0 0 0 0 0 0 
#qt 103121 0 0 0 0 0 0 0 0 
#qt 103122 1.49491 1.61596 1.83755 1.53605 1.55324 1.33587 2.7819 1.50363 
#qt 103123 0 0 0 0 0 0 0 0 
#qt 103124 0 0 0 0 0 0 0 0 
#qt 103131 0 0 0 0 0 0 0 0 
#qt 103132 0 0 0 0 0 0 0 0 
#qt 103133 0 0 0 0 0 0 0 0 
#qt 103134 0 0 0 0 0 0 0 0 
#qt 103141 0 0 0 0 0 0 0 0 
#qt 103142 0 0 0 0 0 0 0 0 
#qt 103143 0 0 0 0 0 0 0 0 
#qt 103144 -0.00128 -0.018 -0.018 -0.018 0.101649 0 0 0.0191965 
#qt 103211 0 0 0 0 0 0 0 0 
#qt 103212 0 0 0 0 0 0 0 0 
#qt 103213 0 0 0 0 0 0 0 0 
#qt 103214 0 0 0 0 0 0 0 0 
#qt 103221 0 0 0 0 0 0 0 0 
#qt 103222 0 0 0 0 0 0 0 0 
#qt 103223 0 0 0 0 0 0 0 0 
#qt 103224 0 0 0 0 0 0 0 0 
#qt 103231 0 0 0 0 0 0 0 0 
#qt 103232 0 0 0 0 0 0 0 0 
#qt 103233 0 0 0 0 0 0 0 0 
#qt 103234 0 0 0 0 0 0 0 0 
#qt 103241 0 0 0 0 0 0 0 0 
#qt 103242 0 0 0 0 0 0 0 0 
#qt 103243 0 0 0 0 0 0 0 0 
#qt 103244 0.0101085 0 0 0.112329 0 0 0 0 
#qt 103311 0 0 0 0 0 0 0 0 
#qt 103312 0 0 0 0 0 0 0 0 
#qt 103313 0 0 0 0 0 0 0 0 
#qt 103314 0 0 0 0 0 0 0 0 
#qt 103321 1.45664 1.51841 1.39464 1.55387 1.36176 2.47662 1.55215 1.3764 
#qt 103322 0 0 0 0 0 0 0 0 
#qt 103323 0 0 0 0 0 0 0 0 
#qt 103324 0 0 0 0 0 0 0 0 
#qt 103331 0 0 0 0 0 0 0 0 
#qt 103332 0 0 0 0 0 0 0 0 
#qt 103333 0 0 0 0 0 0 0 0 
#qt 103334 0 0 0 0 0 0 0 0 
#qt 103341 0 0 0 0 0 0 0 0 
#qt 103342 0 0 0 0 0 0 0 0 
#qt 103343 0 0 0 0 0 0 0 0 
#qt 103344 0.0834407 0 0 0 0 0.0293869 0 0 
#qt 103411 0 0 0 0 0 0 0 0 
#qt 103412 0.0914886 0.0644928 0.0405983 0.0515744 0.0237873 0.0706042 0.0263837 0.0580275 
#qt 103413 0 0 0 0 0 0 0 0 
#qt 103414 0.0922415 0 0 0 0 0 0 0 
#qt 103421 0 0 0 0 0 0 0 0 
#qt 103422 0 0 0 0 0 0 0 0 
#qt 103423 0.100876 0.0993739 0.108081 0.115629 0.100714 0.0526499 0.0341619 0.0869621 
#qt 103424 0.0871338 0.0681739 0.061213 0.063961 0.100361 0.0780535 0.0909549 0.129254 
#qt 103431 0 0 0 0 0 0 0 0 
#qt 103432 0 0 0 0 0 0 0 0 
#qt 103433 0 0 0 0 0 0 0 0 
#qt 103434 0 0 0 0 0 0 0 0 
#qt 103441 0 0 0 0 0 0 0 0 
#qt 103442 0 0 0 0 0 0 0 0 
#qt 103443 0 0 0 0 0 0 0 0 
#qt 103444 0.099357 0.10679 0.104304 0.112682 0.107726 0.110249 0.0929285 0.097112 
#qt 104111 0 0 0 0 0 0 0 0 
#qt 104112 0 0 0 0 0 0 0 0 
#qt 104113 0 0 0 0 0 0 0 0 
#qt 104114 0 0 0 0 0 0 0 0 
#qt 104121 0 0 0 0 0 0 0 0 
#qt 104122 0 0 0 0 0 0 0 0 
#qt 104123 0 0 0 0 0 0 0 0 
#qt 104124 0 0 0 0 0 0 0 0 
#qt 104131 0 0 0 0 0 0 0 0 
#qt 104132 0 0 0 0 0 0 0 0 
#qt 104133 0 0 0 0 0 0 0 0 
#qt 104134 0 0 0 0 0 0 0 0 
#qt 104141 0 0 0 0 0 0 0 0 
#qt 104142 0 0 0 0 0 0 0 0 
#qt 104143 0 0 0 0 0 0 0 0 
#qt 104144 0 0 0 0 0 0 0 0 
#qt 104211 0 0 0 0 0 0 0 0 
#qt 104212 0 0 0 0 0 0 0 0 
#qt 104213 0 0 0 0 0 0 0 0 
#qt 104214 0 0 0 0 0 0 0 0 
#qt 104221 0 0 0 0 0 0 0 0 
#qt 104222 0 0 0 0 0 0 0 0 
#qt 104223 0 0 0 0 0 0 0 0 
#qt 104224 0 0 0 0 0 0 0 0 
#qt 104231 0 0 0 0 0 0 0 0 
#qt 104232 0 0 0 0 0 0 0 0 
#qt 104233 0 0 0 0 0 0 0 0 
#qt 104234 0 0 0 0 0 0 0 0 
#qt 104241 0 0 0 0 0 0 0 0 
#qt 104242 0 0 0 0 0 0 0 0 
#qt 104243 0 0 0 0 0 0 0 0 
#qt 104244 0 0 0 0 0 0 0 0 
#qt 104311 0 0 0 0 0 0 0 0 
#qt 104312 0 0 0 0 0 0 0 0 
#qt 104313 0 0 0 0 0 0 0 0 
#qt 104314 1.59806 1.47491 1.38192 1.80076 1.62658 1.75062 2.71781 1.72618 
#qt 104321 0 0 0 0 0 0 0 0 
#qt 104322 0 0 0 0 0 0 0 0 
#qt 104323 0 0 0 0 0 0 0 0 
#qt 104324 0 0 0 0 0 0 0 0 
#qt 104331 0 0 0 0 0 0 0 0 
#qt 104332 0 0 0 0 0 0 0 0 
#qt 104333 0 0 0 0 0 0 0 0 
#qt 104334 0 0 0 0 0 0 0 0 
#qt 104341 0 0 0 0 0 0 0 0 
#qt 104342 0 0 0 0 0 0 0 0 
#qt 104343 0 0 0 0 0 0 0 0 
#qt 104344 0 0 0 0 0 0 0 0 
#qt 104411 0 0 0 0 0 0 0 0 
#qt 104412 1.49977 1.84923 1.59847 2.06224 2.07969 1.89044 3.02512 1.64515 
#qt 104413 0 0 0 0 0 0 0 0 
#qt 104414 0 0 0 0 0 0 0 0 
#qt 104421 0 0 0 0 0 0 0 0 
#qt 104422 0 0 0 0 0 0 0 0 
#qt 104423 0 0 0 0 0 0 0 0 
#qt 104424 0 0 0 0 0 0 0 0 
#qt 104431 0 0 0 0 0 0 0 0 
#qt 104432 0 0 0 0 0 0 0 0 
#qt 104433 0 0 0 0 0 0 0 0 
#qt 104434 0 0 0 0 0 0 0 0 
#qt 104441 0 0 0 0 0 0 0 0 
#qt 104442 0 0 0 0 0 0 0 0 
#qt 104443 0 0 0 0 0 0 0 0 
#qt 104444 0 0 0 0 0 0 0 0 
#qt 111111 0 0 0 0 0 0 0 0 
#qt 111112 0 0 0 0 0 0 0 0 
#qt 111113 0 0 0 0 0 0 0 0 
#qt 111114 0 0 0 0 0 0 0 0 
#qt 111121 0 0 0 0 0 0 0 0 
#qt 111122 0 0 0 0 0 0 0 0 
#qt 111123 1.34807 1.31248 1.28776 1.27147 1.14706 1.28782 2.03072 1.28971 
#qt 111124 0.136164 0.119882 0.125995 0.151406 0.153816 0.1506 0.154247 0.153817 
#qt 111131 0 0 0 0 0 0 0 0 
#qt 111132 0 0 0 0 0 0 0 0 
#qt 111133 0 0 0 0 0 0 0 0 
#qt 111134 0 0 0 0 0 0 0 0 
#qt 111141 0 0 0 0 0 0 0 0 
#qt 111142 0 0 0 0 0 0 0 0 
#qt 111143 0 0 0 0 0 0 0 0 
#qt 111144 0.0874101 0.0919813 0.0904059 0.129664 0.135088 0.129686 0.133833 0.135719 
#qt 111211 0 0 0 0 0 0 0 0 
#qt 111212 0 0 0 0 0 0 0 0 
#qt 111213 0 0 0 0 0 0 0 0 
#qt 111214 0 0 0 0 0 0 0 0 
#qt 111221 0 0 0 0 0 0 0 0 
#qt 111222 1.57542 1.43167 1.40825 1.39203 1.44959 1.61339 2.25787 1.71357 
#qt 111223 0 0 0 0 0 0 0 0 
#qt 111224 0 0 0 0 0 0 0 0 
#qt 111231 0 0 0 0 0 0 0 0 
#qt 111232 0 0 0 0 0 0 0 0 
#qt 111233 0 0 0 0 0 0 0 0 
#qt 111234 0 0 0 0 0 0 0 0 
#qt 111241 0 0 0 0 0 0 0 0 
#qt 111242 0 0 0 0 0 0 0 0 
#qt 111243 0 0 0 0 0 0 0 0 
#qt 111244 0 0 0 0 0 0 0 0 
#qt 111311 0 0 0 0 0 0 0 0 
#qt 111312 0 0 0 0 0 0 0 0 
#qt 111313 0 0 0 0 0 0 0 0 
#qt 111314 0 0 0 0 0 0 0 0 
#qt 111321 0 0 0 0 0 0 0 0 
#qt 111322 0 0 0 0 0 0 0 0 
#qt 111323 0 0 0 0 0 0 0 0 
#qt 111324 0 0 0 0 0 0 0 0 
#qt 111331 0 0 0 0 0 0 0 0 
#qt 111332 0 0 0 0 0 0 0 0 
#qt 111333 0 0 0 0 0 0 0 0 
#qt 111334 0 0 0 0 0 0 0 0 
#qt 111341 0 0 0 0 0 0 0 0 
#qt 111342 0 0 0 0 0 0 0 0 
#qt 111343 0 0 0 0 0 0 0 0 
#qt 111344 0 0 0 0 0 0 0 0 
#qt 111411 0 0 0 0 0 0 0 0 
#qt 111412 0 0 0 0 0 0 0 0 
#qt 111413 1.99448 1.67216 1.66435 1.8873 1.78688 1.99408 1.9507 2.87268 
#qt 111414 0.13115 0.155804 0.155623 0.132418 0.127609 0.147507 0.150592 0.156631 
#qt 111421 0.109232 0.152657 0.142947 0.142011 0.144894 0.144145 0.11239 0.0997409 
#qt 111422 0 0 0 0 0 0 0 0 
#qt 111423 0 0 0 0 0 0 0 0 
#qt 111424 0 0 0 0 0 0 0 0 
#qt 111431 0 0 0 0 0 0 0 0 
#qt 111432 0 0 0 0 0 0 0 0 
#qt 111433 0 0 0 0 0 0 0 0 
#qt 111434 0 0 0 0 0 0 0 0 
#qt 111441 0.064289 0.12312 0.111073 0.111356 0.109544 0.108887 0.0677191 0.0705505 
#qt 111442 0.0636267 0.134489 0.110357 0.12066 0.115516 0.106501 0.122007 0.111485 
#qt 111443 0 0 0 0 0 0 0 0 
#qt 111444 0.0824378 0.108032 0.112323 0.112495 0.111252 0.112352 0.127045 0.100573 
#qt 112111 0 0 0 0 0 0 0 0 
#qt 112112 0 0 0 0 0 0 0 0 
#qt 112113 0 0 0 0 0 0 0 0 
#qt 112114 1.36403 1.44366 1.49933 1.30035 1.4766 1.34334 1.35162 2.24184 
#qt 112121 0 0 0 0 0 0 0 0 
#qt 112122 0 0 0 0 0 0 0 0 
#qt 112123 0 0 0 0 0 0 0 0 
#qt 112124 0 0 0 0 0 0 0 0 
#qt 112131 1.08736 1.22435 1.09852 1.42254 2.04992 1.31503 1.24068 1.21621 
#qt 112132 1.65434 1.39279 1.58385 1.56647 1.46138 1.38736 1.92832 2.77683 
#qt 112133 0 0 0 0 0 0 0 0 
#qt 112134 0 0 0 0 0 0 0 0 
#qt 112141 0 0 0 0 0 0 0 0 
#qt 112142 0 0 0 0 0 0 0 0 
#qt 112143 0 0 0 0 0 0 0 0 
#qt 112144 0.153827 0.1099 0.109135 0.108572 0.169622 0.166468 0.174526 0.0234147 
#qt 112211 0 0 0 0 0 0 0 0 
#qt 112212 0 0 0 0 0 0 0 0 
#qt 112213 0 0 0 0 0 0 0 0 
#qt 112214 1.36313 1.35509 1.34823 1.32499 1.39545 1.55341 1.38063 2.4161 
#qt 112221 0 0 0 0 0 0 0 0 
#qt 112222 0 0 0 0 0 0 0 0 
#qt 112223 0 0 0 0 0 0 0 0 
#qt 112224 0 0 0 0 0 0 0 0 
#qt 112231 0 0 0 0 0 0 0 0 
#qt 112232 0 0 0 0 0 0 0 0 
#qt 112233 0 0 0 0 0 0 0 0 
#qt 112234 0 0 0 0 0 0 0 0 
#qt 112241 0 0 0 0 0 0 0 0 
#qt 112242 0 0 0 0 0 0 0 0 
#qt 112243 0 0 0 0 0 0 0 0 
#qt 112244 0.169024 0.158181 0.161215 0.171792 0.169158 0.167 0.173839 0.0438158 
#qt 112311 0 0 0 0 0 0 0 0 
#qt 112312 0 0 0 0 0 0 0 0 
#qt 112313 0 0 0 0 0 0 0 0 
#qt 112314 0 0 0 0 0 0 0 0 
#qt 112321 0 0 0 0 0 0 0 0 
#qt 112322 0 0 0 0 0 0 0 0 
#qt 112323 0 0 0 0 0 0 0 0 
#qt 112324 0 0 0 0 0 0 0 0 
#qt 112331 0 0 0 0 0 0 0 0 
#qt 112332 0 0 0 0 0 0 0 0 
#qt 112333 0 0 0 0 0 0 0 0 
#qt 112334 0 0 0 0 0 0 0 0 
#qt 112341 0 0 0 0 0 0 0 0 
#qt 112342 0 0 0 0 0 0 0 0 
#qt 112343 0 0 0 0 0 0 0 0 
#qt 112344 0.141469 0.13108 0.135425 0.145421 0.141287 0.139614 0.151204 0.0443796 
#qt 112411 0 0 0 0 0 0 0 0 
#qt 112412 0 0 0 0 0 0 0 0 
#qt 112413 0 0 0 0 0 0 0 0 
#qt 112414 0.14718 0.129641 0.146961 0.142382 0.124577 0.114009 0.153425 0.144631 
#qt 112421 0 0 0 0 0 0 0 0 
#qt 112422 0.347667 0.344618 0.314574 0.329547 0.325587 0.33453 0.331842 0.0199959 
#qt 112423 0 0 0 0 0 0 0 0 
#qt 112424 0.160269 0.150897 0.153724 0.159337 0.156327 0.155485 0.170625 0.0660758 
#qt 112431 0 0 0 0 0 0 0 0 
#qt 112432 0 0 0 0 0 0 0 0 
#qt 112433 0.165103 0.154505 0.156979 0.171269 0.171723 0.168936 0.176522 0.0200001 
#qt 112434 0.116052 0.0905892 0.106944 0.118487 0.112826 0.106553 0.121489 0.0693568 
#qt 112441 0 0 0 0 0 0 0 0 
#qt 112442 0.131617 0.148518 0.121054 0.112974 0.127682 0.118518 0.1349 0.123528 
#qt 112443 0.141317 0.11303 0.118821 0.116002 0.123359 0.13088 0.132307 0.117793 
#qt 112444 0.117574 0.153081 0.115787 0.118338 0.119171 0.117084 0.11732 0.0996651 
#qt 113111 0 0 0 0 0 0 0 0 
#qt 113112 0 0 0 0 0 0 0 0 
#qt 113113 0 0 0 0 0 0 0 0 
#qt 113114 0 0 0 0 0 0 0 0 
#qt 113121 0 0 0 0 0 0 0 0 
#qt 113122 1.92314 2.00243 1.71266 1.79687 1.61671 1.775 1.78509 2.92044 
#qt 113123 0 0 0 0 0 0 0 0 
#qt 113124 0 0 0 0 0 0 0 0 
#qt 113131 0 0 0 0 0 0 0 0 
#qt 113132 0 0 0 0 0 0 0 0 
#qt 113133 0 0 0 0 0 0 0 0 
#qt 113134 0 0 0 0 0 0 0 0 
#qt 113141 0 0 0 0 0 0 0 0 
#qt 113142 0 0 0 0 0 0 0 0 
#qt 113143 0 0 0 0 0 0 0 0 
#qt 113144 0.111227 0.0629988 0.0636313 0.0660285 0.120574 0.112147 0.126198 0.037753 
#qt 113211 0 0 0 0 0 0 0 0 
#qt 113212 0 0 0 0 0 0 0 0 
#qt 113213 0 0 0 0 0 0 0 0 
#qt 113214 0 0 0 0 0 0 0 0 
#qt 113221 0 0 0 0 0 0 0 0 
#qt 113222 0 0 0 0 0 0 0 0 
#qt 113223 0 0 0 0 0 0 0 0 
#qt 113224 0 0 0 0 0 0 0 0 
#qt 113231 0 0 0 0 0 0 0 0 
#qt 113232 0 0 0 0 0 0 0 0 
#qt 113233 0 0 0 0 0 0 0 0 
#qt 113234 0 0 0 0 0 0 0 0 
#qt 113241 0 0 0 0 0 0 0 0 
#qt 113242 0 0 0 0 0 0 0 0 
#qt 113243 0 0 0 0 0 0 0 0 
#qt 113244 0.124049 0.109559 0.115666 0.123544 0.119199 0.111791 0.129594 0.0520806 
#qt 113311 0 0 0 0 0 0 0 0 
#qt 113312 0 0 0 0 0 0 0 0 
#qt 113313 0 0 0 0 0 0 0 0 
#qt 113314 0 0 0 0 0 0 0 0 
#qt 113321 1.22256 1.64981 1.53932 1.7075 1.59329 2.29408 1.71117 1.70482 
#qt 113322 0 0 0 0 0 0 0 0 
#qt 113323 0 0 0 0 0 0 0 0 
#qt 113324 0.129352 0.106461 0.1194 0.125695 0.123522 0.118549 0.136406 0.121552 
#qt 113331 0 0 0 0 0 0 0 0 
#qt 113332 0 0 0 0 0 0 0 0 
#qt 113333 0 0 0 0 0 0 0 0 
#qt 113334 0 0 0 0 0 0 0 0 
#qt 113341 0 0 0 0 0 0 0 0 
#qt 113342 0 0 0 0 0 0 0 0 
#qt 113343 0 0 0 0 0 0 0 0 
#qt 113344 0.121515 0.100834 0.101385 0.10147 0.100577 0.0998626 0.102033 0.0959413 
#qt 113411 0 0 0 0 0 0 0 0 
#qt 113412 0.132855 0.11788 0.125549 0.132462 0.0702406 0.116642 0.125594 0.0296608 
#qt 113413 0 0 0 0 0 0 0 0 
#qt 113414 0.12501 0.110635 0.115462 0.123344 0.064086 0.111369 0.126396 0.0505034 
#qt 113421 0 0 0 0 0 0 0 0 
#qt 113422 0 0 0 0 0 0 0 0 
#qt 113423 0.144377 0.130128 0.138896 0.148513 0.135315 0.0825708 0.141701 0.030619 
#qt 113424 0.125776 0.111705 0.118139 0.123985 0.112133 0.0637954 0.121486 0.0342195 
#qt 113431 0 0 0 0 0 0 0 0 
#qt 113432 0 0 0 0 0 0 0 0 
#qt 113433 0 0 0 0 0 0 0 0 
#qt 113434 0.145649 0.132839 0.145918 0.144656 0.145646 0.141933 0.14871 0.152128 
#qt 113441 0 0 0 0 0 0 0 0 
#qt 113442 0.152195 0.139134 0.126517 0.136251 0.134769 0.132711 0.14113 0.140571 
#qt 113443 0.145901 0.151523 0.126363 0.135752 0.117056 0.136083 0.167879 0.134298 
#qt 113444 0.165894 0.106913 0.113692 0.118658 0.108939 0.0911622 0.120633 0.0621685 
#qt 114111 0 0 0 0 0 0 0 0 
#qt 114112 0 0 0 0 0 0 0 0 
#qt 114113 0 0 0 0 0 0 0 0 
#qt 114114 0.136322 0.0838402 0.0728251 0.0728277 0.0734727 0.115008 0.129912 0.121452 
#qt 114121 0 0 0 0 0 0 0 0 
#qt 114122 0 0 0 0 0 0 0 0 
#qt 114123 0 0 0 0 0 0 0 0 
#qt 114124 0.158697 0.13723 0.156723 0.138048 0.151317 0.155251 0.158172 0.152404 
#qt 114131 0 0 0 0 0 0 0 0 
#qt 114132 0 0 0 0 0 0 0 0 
#qt 114133 0.170957 0.170053 0.131233 0.170099 0.165834 0.169706 0.184601 0.169023 
#qt 114134 0.138915 0.120878 0.107547 0.12104 0.139732 0.138344 0.140587 0.146529 
#qt 114141 0 0 0 0 0 0 0 0 
#qt 114142 0 0 0 0 0 0 0 0 
#qt 114143 0 0 0 0 0 0 0 0 
#qt 114144 0.114431 0.0847889 0.0843546 0.100865 0.113265 0.114209 0.132166 0.113265 
#qt 114211 0 0 0 0 0 0 0 0 
#qt 114212 0 0 0 0 0 0 0 0 
#qt 114213 0 0 0 0 0 0 0 0 
#qt 114214 0.162523 0.16279 0.157244 0.145541 0.140324 0.13934 0.159689 0.156193 
#qt 114221 0 0 0 0 0 0 0 0 
#qt 114222 0 0 0 0 0 0 0 0 
#qt 114223 0.185105 0.147344 0.172924 0.180474 0.182419 0.183284 0.182831 0.18083 
#qt 114224 0.145321 0.143829 0.147578 0.146431 0.14244 0.143042 0.151673 0.146092 
#qt 114231 0 0 0 0 0 0 0 0 
#qt 114232 0.165543 0.166302 0.162195 0.164628 0.163465 0.162863 0.166493 0.165044 
#qt 114233 0.147896 0.144274 0.143225 0.148477 0.146313 0.149218 0.147723 0.153055 
#qt 114234 0.137373 0.111559 0.11186 0.110553 0.111817 0.110901 0.111839 0.111647 
#qt 114241 0 0 0 0 0 0 0 0 
#qt 114242 0 0 0 0 0 0 0 0 
#qt 114243 0.129623 0.132042 0.134254 0.128014 0.123409 0.12657 0.133434 0.155337 
#qt 114244 0.119571 0.106291 0.111637 0.0767488 0.107337 0.106736 0.141288 0.11664 
#qt 114311 0 0 0 0 0 0 0 0 
#qt 114312 0 0 0 0 0 0 0 0 
#qt 114313 0 0 0 0 0 0 0 0 
#qt 114314 0.154931 0.155962 0.156163 0.125451 0.121263 0.125819 0.148586 0.150894 
#qt 114321 0 0 0 0 0 0 0 0 
#qt 114322 0.177166 0.178387 0.177984 0.178152 0.177571 0.17351 0.178739 0.178826 
#qt 114323 0.149813 0.15538 0.150334 0.154058 0.154066 0.153922 0.152576 0.152085 
#qt 114324 0.129386 0.130176 0.126629 0.129939 0.127221 0.110427 0.155087 0.129527 
#qt 114331 0 0 0 0 0 0 0 0 
#qt 114332 0.145654 0.142041 0.143479 0.14343 0.145144 0.142709 0.140832 0.150237 
#qt 114333 0.155264 0.140687 0.142188 0.140441 0.142359 0.128948 0.129488 0.136977 
#qt 114334 0 0 0 0 0 0 0 0 
#qt 114341 0 0 0 0 0 0 0 0 
#qt 114342 0.127265 0.127987 0.128318 0.123489 0.125706 0.125811 0.128354 0.127262 
#qt 114343 0.0904027 0.0958162 0.118231 0.119554 0.117794 0.14423 0.11871 0.117737 
#qt 114344 0.153461 0.124376 0.118309 0.125356 0.124977 0.12413 0.121985 0.125163 
#qt 114411 0.136387 0.118121 0.114524 0.123384 0.0637702 0.0752191 0.0686214 0.0891018 
#qt 114412 0.188338 0.192577 0.191698 0.177434 0.168326 0.173763 0.193106 0.190804 
#qt 114413 0.188662 0.192438 0.193749 0.186307 0.159964 0.168366 0.194157 0.198201 
#qt 114414 0.136686 0.137944 0.136806 0.134064 0.0905304 0.117161 0.144434 0.138099 
#qt 114421 0 0 0 0 0 0 0 0 
#qt 114422 0.149321 0.144105 0.14518 0.145589 0.144098 0.143107 0.144014 0.108153 
#qt 114423 0.155765 0.155866 0.150946 0.148566 0.155709 0.154596 0.152895 0.15637 
#qt 114424 0.129364 0.130799 0.127619 0.113256 0.125286 0.103763 0.129552 0.161755 
#qt 114431 0.163772 0.128415 0.133712 0.133653 0.133656 0.133601 0.106085 0.132829 
#qt 114432 0.14607 0.146623 0.144665 0.144841 0.144931 0.143702 0.155366 0.140166 
#qt 114433 0 0 0 0 0 0 0 0 
#qt 114434 0.124054 0.119662 0.118577 0.119938 0.118984 0.112475 0.118127 0.118375 
#qt 114441 0.135008 0.0924505 0.0855509 0.0974975 0.0831744 0.100519 0.0536618 0.104418 
#qt 114442 0.129756 0.10265 0.106558 0.11422 0.100938 0.0924931 0.125295 0.119273 
#qt 114443 0.155693 0.085622 0.097698 0.0900978 0.0992546 0.0823488 0.109082 0.0898577 
#qt 114444 0.142689 0.110516 0.112961 0.116713 0.105099 0.10808 0.119758 0.0659152 
#qt 121111 0 0 0 0 0 0 0 0 
#qt 121112 0 0 0 0 0 0 0 0 
#qt 121113 1.26652 1.13137 1.13313 1.20814 1.13267 1.02615 1.88139 1.16803 
#qt 121114 0 0 0 0 0 0 0 0 
#qt 121121 0 0 0 0 0 0 0 0 
#qt 121122 0 0 0 0 0 0 0 0 
#qt 121123 1.12354 1.24871 1.27576 1.29049 1.39017 1.33188 2.14773 1.27588 
#qt 121124 0 0 0 0 0 0 0 0 
#qt 121131 0 0 0 0 0 0 0 0 
#qt 121132 0 0 0 0 0 0 0 0 
#qt 121133 0 0 0 0 0 0 0 0 
#qt 121134 0 0 0 0 0 0 0 0 
#qt 121141 0 0 0 0 0 0 0 0 
#qt 121142 1.09555 1.30841 0.981831 1.20415 1.44618 2.39695 1.19078 1.21211 
#qt 121143 0 0 0 0 0 0 0 0 
#qt 121144 0.0594275 0.0594413 0.0594543 0.106425 0.110915 0.058557 0.109919 0.106476 
#qt 121211 0 0 0 0 0 0 0 0 
#qt 121212 1.46045 1.41274 1.13666 1.48665 1.27722 2.08898 1.35669 1.2852 
#qt 121213 0 0 0 0 0 0 0 0 
#qt 121214 0 0 0 0 0 0 0 0 
#qt 121221 0 0 0 0 0 0 0 0 
#qt 121222 1.39895 1.55708 1.37742 1.35774 1.42942 2.49216 1.50187 1.51686 
#qt 121223 0 0 0 0 0 0 0 0 
#qt 121224 0 0 0 0 0 0 0 0 
#qt 121231 0 0 0 0 0 0 0 0 
#qt 121232 0 0 0 0 0 0 0 0 
#qt 121233 0 0 0 0 0 0 0 0 
#qt 121234 0 0 0 0 0 0 0 0 
#qt 121241 0 0 0 0 0 0 0 0 
#qt 121242 0 0 0 0 0 0 0 0 
#qt 121243 0 0 0 0 0 0 0 0 
#qt 121244 0.0587145 0.0509603 0.0946154 0.0783275 0.0989748 0.0911838 0.124898 0.0577683 
#qt 121311 0 0 0 0 0 0 0 0 
#qt 121312 0 0 0 0 0 0 0 0 
#qt 121313 0 0 0 0 0 0 0 0 
#qt 121314 0 0 0 0 0 0 0 0 
#qt 121321 0 0 0 0 0 0 0 0 
#qt 121322 0 0 0 0 0 0 0 0 
#qt 121323 0 0 0 0 0 0 0 0 
#qt 121324 0 0 0 0 0 0 0 0 
#qt 121331 0 0 0 0 0 0 0 0 
#qt 121332 0 0 0 0 0 0 0 0 
#qt 121333 0 0 0 0 0 0 0 0 
#qt 121334 0 0 0 0 0 0 0 0 
#qt 121341 1.04767 0.987559 1.10113 1.02851 1.9155 1.01535 1.26844 1.08197 
#qt 121342 0 0 0 0 0 0 0 0 
#qt 121343 0 0 0 0 0 0 0 0 
#qt 121344 0.072849 0.0658549 0.109533 0.0829495 0.111832 0.100615 0.135799 0.0691684 
#qt 121411 0 0 0 0 0 0 0 0 
#qt 121412 0 0 0 0 0 0 0 0 
#qt 121413 0 0 0 0 0 0 0 0 
#qt 121414 0 0 0 0 0 0 0 0 
#qt 121421 0 0 0 0 0 0 0 0 
#qt 121422 0 0 0 0 0 0 0 0 
#qt 121423 0 0 0 0 0 0 0 0 
#qt 121424 0 0 0 0 0 0 0 0 
#qt 121431 0 0 0 0 0 0 0 0 
#qt 121432 0.0664058 0.0664058 0.112765 0.106406 0.121489 0.109406 0.12934 0.0664058 
#qt 121433 0.0739531 0.0621559 0.0953407 0.0742 0.106081 0.0804363 0.142735 0.079816 
#qt 121434 0 0 0 0 0 0 0 0 
#qt 121441 0.0593793 0.0827944 0.0906094 0.0840728 0.129338 0.0679799 0.0497096 0.0599054 
#qt 121442 0.0644651 0.0711612 0.0917023 0.082438 0.0919078 0.0771805 0.136396 0.0794607 
#qt 121443 0.0730162 0.0728949 0.11774 0.0979701 0.128857 0.114032 0.137432 0.0737559 
#qt 121444 0.0619916 0.0691632 0.101366 0.0942806 0.102844 0.106603 0.141327 0.072046 
#qt 122111 0 0 0 0 0 0 0 0 
#qt 122112 0 0 0 0 0 0 0 0 
#qt 122113 0 0 0 0 0 0 0 0 
#qt 122114 0 0 0 0 0 0 0 0 
#qt 122121 0 0 0 0 0 0 0 0 
#qt 122122 0 0 0 0 0 0 0 0 
#qt 122123 0 0 0 0 0 0 0 0 
#qt 122124 0 0 0 0 0 0 0 0 
#qt 122131 1.19331 1.31771 1.57887 1.43452 2.271 1.34372 1.42459 1.48478 
#qt 122132 1.11732 1.48563 1.31259 1.237 1.59648 2.63277 1.57536 1.3234 
#qt 122133 0 0 0 0 0 0 0 0 
#qt 122134 0 0 0 0 0 0 0 0 
#qt 122141 0 0 0 0 0 0 0 0 
#qt 122142 0 0 0 0 0 0 0 0 
#qt 122143 0 0 0 0 0 0 0 0 
#qt 122144 0 0 0 -0.018 0 0.0963638 0 0 
#qt 122211 0 0 0 0 0 0 0 0 
#qt 122212 0 0 0 0 0 0 0 0 
#qt 122213 0 0 0 0 0 0 0 0 
#qt 122214 0 0 0 0 0 0 0 0 
#qt 122221 0 0 0 0 0 0 0 0 
#qt 122222 0 0 0 0 0 0 0 0 
#qt 122223 0 0 0 0 0 0 0 0 
#qt 122224 0 0 0 0 0 0 0 0 
#qt 122231 0 0 0 0 0 0 0 0 
#qt 122232 0 0 0 0 0 0 0 0 
#qt 122233 0 0 0 0 0 0 0 0 
#qt 122234 0 0 0 0 0 0 0 0 
#qt 122241 0 0 0 0 0 0 0 0 
#qt 122242 0 0 0 0 0 0 0 0 
#qt 122243 0 0 0 0 0 0 0 0 
#qt 122244 0.104332 0.057526 0.0915966 0.102955 0.107757 0.0476474 0.0913594 0.0988446 
#qt 122311 0 0 0 0 0 0 0 0 
#qt 122312 0 0 0 0 0 0 0 0 
#qt 122313 0 0 0 0 0 0 0 0 
#qt 122314 0 0 0 0 0 0 0 0 
#qt 122321 0 0 0 0 0 0 0 0 
#qt 122322 0 0 0 0 0 0 0 0 
#qt 122323 0 0 0 0 0 0 0 0 
#qt 122324 0 0 0 0 0 0 0 0 
#qt 122331 0 0 0 0 0 0 0 0 
#qt 122332 0 0 0 0 0 0 0 0 
#qt 122333 0 0 0 0 0 0 0 0 
#qt 122334 0 0 0 0 0 0 0 0 
#qt 122341 0 0 0 0 0 0 0 0 
#qt 122342 0 0 0 0 0 0 0 0 
#qt 122343 0 0 0 0 0 0 0 0 
#qt 122344 0.110122 0.0635409 0.0371506 0.0458663 0.0906215 0.0578072 0.082689 0.0669541 
#qt 122411 0 0 0 0 0 0 0 0 
#qt 122412 0 0 0 0 0 0 0 0 
#qt 122413 0 0 0 0 0 0 0 0 
#qt 122414 0 0 0 0 0 0 0 0 
#qt 122421 0 0 0 0 0 0 0 0 
#qt 122422 0.106406 0.112765 0.106406 0.0993397 0.10234 0.0396928 0.109406 0.0993397 
#qt 122423 0 0 0 0 0 0 0 0 
#qt 122424 0.118402 0.0442701 0.0146337 0.0388223 0.0163569 0.0389813 0.0262039 0.0298489 
#qt 122431 0 0 0 0 0 0 0 0 
#qt 122432 0 0 0 0 0 0 0 0 
#qt 122433 0.092044 0.094894 0.096243 0.0961747 0.0964328 0.034222 0.129481 0.0962771 
#qt 122434 0.111025 0 0.0170913 0 0.027473 0 0 0.0311944 
#qt 122441 0 0 0 0 0 0 0 0 
#qt 122442 0.0963396 0.0924939 0.0980603 0.0921684 0.121404 0.0861539 0.0979433 0.0576694 
#qt 122443 0 0 0 0 0 0 0 0 
#qt 122444 0.100742 0.100034 0.0878644 0.0880204 0.100212 0.0631846 0.100225 0.0941463 
#qt 123111 0 0 0 0 0 0 0 0 
#qt 123112 0 0 0 0 0 0 0 0 
#qt 123113 0 0 0 0 0 0 0 0 
#qt 123114 0 0 0 0 0 0 0 0 
#qt 123121 0 0 0 0 0 0 0 0 
#qt 123122 1.24517 1.39372 1.38413 1.23111 1.40495 2.6444 1.34627 1.2126 
#qt 123123 0 0 0 0 0 0 0 0 
#qt 123124 0 0 0 0 0 0 0 0 
#qt 123131 0 0 0 0 0 0 0 0 
#qt 123132 0 0 0 0 0 0 0 0 
#qt 123133 0 0 0 0 0 0 0 0 
#qt 123134 0 0 0 0 0 0 0 0 
#qt 123141 0 0 0 0 0 0 0 0 
#qt 123142 0 0 0 0 0 0 0 0 
#qt 123143 0 0 0 0 0 0 0 0 
#qt 123144 0 0 0 0 0 0 0 0 
#qt 123211 0 0 0 0 0 0 0 0 
#qt 123212 0 0 0 0 0 0 0 0 
#qt 123213 0 0 0 0 0 0 0 0 
#qt 123214 0 0 0 0 0 0 0 0 
#qt 123221 0 0 0 0 0 0 0 0 
#qt 123222 0 0 0 0 0 0 0 0 
#qt 123223 0 0 0 0 0 0 0 0 
#qt 123224 0 0 0 0 0 0 0 0 
#qt 123231 0 0 0 0 0 0 0 0 
#qt 123232 0 0 0 0 0 0 0 0 
#qt 123233 0 0 0 0 0 0 0 0 
#qt 123234 0 0 0 0 0 0 0 0 
#qt 123241 0 0 0 0 0 0 0 0 
#qt 123242 0 0 0 0 0 0 0 0 
#qt 123243 0 0 0 0 0 0 0 0 
#qt 123244 0 0 0 0 0 0 0 0 
#qt 123311 0 0 0 0 0 0 0 0 
#qt 123312 0 0 0 0 0 0 0 0 
#qt 123313 0 0 0 0 0 0 0 0 
#qt 123314 0 0 0 0 0 0 0 0 
#qt 123321 1.36713 1.64143 1.46975 1.62108 1.729 2.64059 1.44192 1.74299 
#qt 123322 0 0 0 0 0 0 0 0 
#qt 123323 0 0 0 0 0 0 0 0 
#qt 123324 0 0 0 0 0 0 0 0 
#qt 123331 0 0 0 0 0 0 0 0 
#qt 123332 0 0 0 0 0 0 0 0 
#qt 123333 0 0 0 0 0 0 0 0 
#qt 123334 0 0 0 0 0 0 0 0 
#qt 123341 0 0 0 0 0 0 0 0 
#qt 123342 0 0 0 0 0 0 0 0 
#qt 123343 0 0 0 0 0 0 0 0 
#qt 123344 0 0 0 0 0 0 0 0 
#qt 123411 0 0 0 0 0 0 0 0 
#qt 123412 0 0 0 0 0 0 0 0 
#qt 123413 0 0 0 0 0 0 0 0 
#qt 123414 0 0 0 0 0 0 0 0 
#qt 123421 0 0 0 0 0 0 0 0 
#qt 123422 0 0 0 0 0 0 0 0 
#qt 123423 0 0 0 0 0 0 0 0 
#qt 123424 0 0 0 0 0 0 0 0 
#qt 123431 0 0 0 0 0 0 0 0 
#qt 123432 0 0 0 0 0 0 0 0 
#qt 123433 0 0 0 0 0 0 0 0 
#qt 123434 0 0 0 0 0 0 0 0 
#qt 123441 0 0 0 0 0 0 0 0 
#qt 123442 0 0 0 0 0 0 0 0 
#qt 123443 0 0 0 0 0 0 0 0 
#qt 123444 0 0 0 0 0 0 0 0 
#qt 124111 0 0 0 0 0 0 0 0 
#qt 124112 0 0 0 0 0 0 0 0 
#qt 124113 0 0 0 0 0 0 0 0 
#qt 124114 0 0 0 0 0 0 0 0 
#qt 124121 0 0 0 0 0 0 0 0 
#qt 124122 0 0 0 0 0 0 0 0 
#qt 124123 0 0 0 0 0 0 0 0 
#qt 124124 0 0 0 0 0 0 0 0 
#qt 124131 0 0 0 0 0 0 0 0 
#qt 124132 0 0 0 0 0 0 0 0 
#qt 124133 0 0 0 0 0 0 0 0 
#qt 124134 0 0 0 0 0 0 0 0 
#qt 124141 0 0 0 0 0 0 0 0 
#qt 124142 0 0 0 0 0 0 0 0 
#qt 124143 0 0 0 0 0 0 0 0 
#qt 124144 0 0 0 0 0 0 0 0 
#qt 124211 0 0 0 0 0 0 0 0 
#qt 124212 0 0 0 0 0 0 0 0 
#qt 124213 0 0 0 0 0 0 0 0 
#qt 124214 0 0 0 0 0 0 0 0 
#qt 124221 0 0 0 0 0 0 0 0 
#qt 124222 0 0 0 0 0 0 0 0 
#qt 124223 0 0 0 0 0 0 0 0 
#qt 124224 0 0 0 0 0 0 0 0 
#qt 124231 0 0 0 0 0 0 0 0 
#qt 124232 0 0 0 0 0 0 0 0 
#qt 124233 0 0 0 0 0 0 0 0 
#qt 124234 0 0 0 0 0 0 0 0 
#qt 124241 0 0 0 0 0 0 0 0 
#qt 124242 0 0 0 0 0 0 0 0 
#qt 124243 0 0 0 0 0 0 0 0 
#qt 124244 0 0 0 0 0 0 0 0 
#qt 124311 0 0 0 0 0 0 0 0 
#qt 124312 0 0 0 0 0 0 0 0 
#qt 124313 0 0 0 0 0 0 0 0 
#qt 124314 0 0 0 0 0 0 0 0 
#qt 124321 0 0 0 0 0 0 0 0 
#qt 124322 0 0 0 0 0 0 0 0 
#qt 124323 0 0 0 0 0 0 0 0 
#qt 124324 0 0 0 0 0 0 0 0 
#qt 124331 0 0 0 0 0 0 0 0 
#qt 124332 0 0 0 0 0 0 0 0 
#qt 124333 0 0 0 0 0 0 0 0 
#qt 124334 0 0 0 0 0 0 0 0 
#qt 124341 0 0 0 0 0 0 0 0 
#qt 124342 0 0 0 0 0 0 0 0 
#qt 124343 0 0 0 0 0 0 0 0 
#qt 124344 0 0 0 0 0 0 0 0 
#qt 124411 0 0 0 0 0 0 0 0 
#qt 124412 0 0 0 0 0 0 0 0 
#qt 124413 0 0 0 0 0 0 0 0 
#qt 124414 0 0 0 0 0 0 0 0 
#qt 124421 0 0 0 0 0 0 0 0 
#qt 124422 0 0 0 0 0 0 0 0 
#qt 124423 0 0 0 0 0 0 0 0 
#qt 124424 0 0 0 0 0 0 0 0 
#qt 124431 0 0 0 0 0 0 0 0 
#qt 124432 0 0 0 0 0 0 0 0 
#qt 124433 0 0 0 0 0 0 0 0 
#qt 124434 0 0 0 0 0 0 0 0 
#qt 124441 0 0 0 0 0 0 0 0 
#qt 124442 0 0 0 0 0 0 0 0 
#qt 124443 0 0 0 0 0 0 0 0 
#qt 124444 0 0 0 0 0 0 0 0 
#qt 201111 0 0 0 0 0 0 0 0 
#qt 201112 0 0 0 0 0 0 0 0 
#qt 201113 0 0 0 0 0 0 0 0 
#qt 201114 0 0 0 0 0 0 0 0 
#qt 201121 0 0 0 0 0 0 0 0 
#qt 201122 0 0 0 0 0 0 0 0 
#qt 201123 0 0 0 0 0 0 0 0 
#qt 201124 0 0 0 0 0 0 0 0 
#qt 201131 0 0 0 0 0 0 0 0 
#qt 201132 0 0 0 0 0 0 0 0 
#qt 201133 0 0 0 0 0 0 0 0 
#qt 201134 0 0 0 0 0 0 0 0 
#qt 201141 0 0 0 0 0 0 0 0 
#qt 201142 1.15713 0.994596 0.922874 1.01183 1.02124 1.77284 1.1606 1.1031 
#qt 201143 0 0 0 0 0 0 0 0 
#qt 201144 0.103495 0.107646 0.104709 0.17994 0.134117 0.127118 0.124245 0.136422 
#qt 201211 0 0 0 0 0 0 0 0 
#qt 201212 2.35932 2.09051 3.20887 2.31428 1.95797 1.62596 1.66493 2.10212 
#qt 201213 0 0 0 0 0 0 0 0 
#qt 201214 0 0 0 0 0 0 0 0 
#qt 201221 0 0 0 0 0 0 0 0 
#qt 201222 2.12763 1.90387 3.18497 1.39553 1.62859 1.55494 1.7203 1.723 
#qt 201223 0 0 0 0 0 0 0 0 
#qt 201224 0 0 0 0 0 0 0 0 
#qt 201231 0 0 0 0 0 0 0 0 
#qt 201232 0 0 0 0 0 0 0 0 
#qt 201233 0 0 0 0 0 0 0 0 
#qt 201234 0 0 0 0 0 0 0 0 
#qt 201241 1.22583 1.27739 1.26136 1.83456 1.0711 1.08084 1.35971 1.13825 
#qt 201242 0 0 0 0 0 0 0 0 
#qt 201243 0 0 0 0 0 0 0 0 
#qt 201244 0.0646877 0.0675679 0.0442965 0.107768 0.116423 0.125137 0.121733 0.0641837 
#qt 201311 0 0 0 0 0 0 0 0 
#qt 201312 0 0 0 0 0 0 0 0 
#qt 201313 0 0 0 0 0 0 0 0 
#qt 201314 0 0 0 0 0 0 0 0 
#qt 201321 0 0 0 0 0 0 0 0 
#qt 201322 0 0 0 0 0 0 0 0 
#qt 201323 0 0 0 0 0 0 0 0 
#qt 201324 0 0 0 0 0 0 0 0 
#qt 201331 0 0 0 0 0 0 0 0 
#qt 201332 0 0 0 0 0 0 0 0 
#qt 201333 0 0 0 0 0 0 0 0 
#qt 201334 0 0 0 0 0 0 0 0 
#qt 201341 1.45505 1.51806 2.79713 1.48182 1.52386 1.46137 1.35784 1.41732 
#qt 201342 0 0 0 0 0 0 0 0 
#qt 201343 0 0 0 0 0 0 0 0 
#qt 201344 0.0795585 0.0797988 0.135835 0.142728 0.125453 0.140869 0.135159 0.0804131 
#qt 201411 0 0 0 0 0 0 0 0 
#qt 201412 0 0 0 0 0 0 0 0 
#qt 201413 1.64858 1.62916 2.29737 1.89657 1.51752 1.79826 1.51373 1.50473 
#qt 201414 0 0 0 0 0 0 0 0 
#qt 201421 0 0 0 0 0 0 0 0 
#qt 201422 0 0 0 0 0 0 0 0 
#qt 201423 0 0 0 0 0 0 0 0 
#qt 201424 0 0 0 0 0 0 0 0 
#qt 201431 0 0 0 0 0 0 0 0 
#qt 201432 0.130794 0.132199 0.190599 0.196686 0.182442 0.18169 0.177057 0.130725 
#qt 201433 0.116281 0.117316 0.167507 0.185958 0.160122 0.164967 0.162736 0.115814 
#qt 201434 0 0 0 0 0 0 0 0 
#qt 201441 0.10612 0.177896 0.161815 0.152977 0.144722 0.143394 0.106706 0.10184 
#qt 201442 0.121709 0.121937 0.187402 0.191103 0.16639 0.171356 0.166117 0.121253 
#qt 201443 0.116605 0.121121 0.176483 0.177959 0.168105 0.176178 0.168654 0.120593 
#qt 201444 0.0923647 0.0928484 0.10447 0.107658 0.107171 0.107933 0.106086 0.0924867 
#qt 202111 0 0 0 0 0 0 0 0 
#qt 202112 0 0 0 0 0 0 0 0 
#qt 202113 0 0 0 0 0 0 0 0 
#qt 202114 0 0 0 0 0 0 0 0 
#qt 202121 0 0 0 0 0 0 0 0 
#qt 202122 0 0 0 0 0 0 0 0 
#qt 202123 0 0 0 0 0 0 0 0 
#qt 202124 0 0 0 0 0 0 0 0 
#qt 202131 0 0 0 0 0 0 0 0 
#qt 202132 0.880003 0.889043 0.918421 0.870912 1.91914 1.02072 0.968212 1.0851 
#qt 202133 0 0 0 0 0 0 0 0 
#qt 202134 0 0 0 0 0 0 0 0 
#qt 202141 0 0 0 0 0 0 0 0 
#qt 202142 0 0 0 0 0 0 0 0 
#qt 202143 0 0 0 0 0 0 0 0 
#qt 202144 0 0 0 0 0 0 0 0 
#qt 202211 0 0 0 0 0 0 0 0 
#qt 202212 0 0 0 0 0 0 0 0 
#qt 202213 0 0 0 0 0 0 0 0 
#qt 202214 1.81049 1.76944 2.79638 1.83774 1.73105 1.96895 1.5769 1.60768 
#qt 202221 0 0 0 0 0 0 0 0 
#qt 202222 0 0 0 0 0 0 0 0 
#qt 202223 0 0 0 0 0 0 0 0 
#qt 202224 0 0 0 0 0 0 0 0 
#qt 202231 1.20083 1.07614 1.21559 2.07608 1.20279 1.00516 1.12377 1.2057 
#qt 202232 0 0 0 0 0 0 0 0 
#qt 202233 0 0 0 0 0 0 0 0 
#qt 202234 0 0 0 0 0 0 0 0 
#qt 202241 0 0 0 0 0 0 0 0 
#qt 202242 0 0 0 0 0 0 0 0 
#qt 202243 0 0 0 0 0 0 0 0 
#qt 202244 0.10136 0.0630693 0.0386365 0.10078 0.103239 0.114857 0.10561 0.100404 
#qt 202311 0 0 0 0 0 0 0 0 
#qt 202312 0 0 0 0 0 0 0 0 
#qt 202313 0 0 0 0 0 0 0 0 
#qt 202314 0 0 0 0 0 0 0 0 
#qt 202321 0 0 0 0 0 0 0 0 
#qt 202322 0 0 0 0 0 0 0 0 
#qt 202323 0 0 0 0 0 0 0 0 
#qt 202324 0 0 0 0 0 0 0 0 
#qt 202331 0 0 0 0 0 0 0 0 
#qt 202332 0 0 0 0 0 0 0 0 
#qt 202333 0 0 0 0 0 0 0 0 
#qt 202334 0 0 0 0 0 0 0 0 
#qt 202341 0 0 0 0 0 0 0 0 
#qt 202342 0 0 0 0 0 0 0 0 
#qt 202343 0 0 0 0 0 0 0 0 
#qt 202344 0.0987165 0.117436 0.113941 0.134758 0.113384 0.130744 0.114238 0.119736 
#qt 202411 0 0 0 0 0 0 0 0 
#qt 202412 0 0 0 0 0 0 0 0 
#qt 202413 0 0 0 0 0 0 0 0 
#qt 202414 0 0 0 0 0 0 0 0 
#qt 202421 0 0 0 0 0 0 0 0 
#qt 202422 0.134196 0.145346 0.141359 0.161495 0.144508 0.14192 0.144793 0.130172 
#qt 202423 0 0 0 0 0 0 0 0 
#qt 202424 0.0959767 0.0874225 0.100177 0.110028 0.112937 0.110719 0.122219 0.142066 
#qt 202431 0.137121 0.160414 0.162544 0.164654 0.144699 0.10699 0.104119 0.103364 
#qt 202432 0 0 0 0 0 0 0 0 
#qt 202433 0.136078 0.13728 0.139878 0.166014 0.124762 0.121994 0.132858 0.139073 
#qt 202434 0.114582 0.152888 0.131935 0.150119 0.123397 0.132712 0.114075 0.107722 
#qt 202441 0 0 0 0 0 0 0 0 
#qt 202442 0.129212 0.17254 0.150793 0.155006 0.12152 0.140514 0.143345 0.0964349 
#qt 202443 0 0 0 0 0 0 0 0 
#qt 202444 0.0850522 0.0699954 0.0853799 0.0889504 0.0900411 0.119362 0.0891566 0.0899452 
#qt 203111 0 0 0 0 0 0 0 0 
#qt 203112 0 0 0 0 0 0 0 0 
#qt 203113 0 0 0 0 0 0 0 0 
#qt 203114 0 0 0 0 0 0 0 0 
#qt 203121 0 0 0 0 0 0 0 0 
#qt 203122 1.20216 1.41863 1.51885 2.33672 1.51382 1.38978 1.37138 1.35098 
#qt 203123 0 0 0 0 0 0 0 0 
#qt 203124 0 0 0 0 0 0 0 0 
#qt 203131 0 0 0 0 0 0 0 0 
#qt 203132 0 0 0 0 0 0 0 0 
#qt 203133 0 0 0 0 0 0 0 0 
#qt 203134 0 0 0 0 0 0 0 0 
#qt 203141 0 0 0 0 0 0 0 0 
#qt 203142 0 0 0 0 0 0 0 0 
#qt 203143 0 0 0 0 0 0 0 0 
#qt 203144 0 0 0 0 0 0 0 0 
#qt 203211 0 0 0 0 0 0 0 0 
#qt 203212 0 0 0 0 0 0 0 0 
#qt 203213 0 0 0 0 0 0 0 0 
#qt 203214 0 0 0 0 0 0 0 0 
#qt 203221 1.12526 1.17155 2.18302 1.30998 1.23339 1.3357 1.30916 1.22388 
#qt 203222 0 0 0 0 0 0 0 0 
#qt 203223 0 0 0 0 0 0 0 0 
#qt 203224 0 0 0 0 0 0 0 0 
#qt 203231 0 0 0 0 0 0 0 0 
#qt 203232 0 0 0 0 0 0 0 0 
#qt 203233 0 0 0 0 0 0 0 0 
#qt 203234 0 0 0 0 0 0 0 0 
#qt 203241 0 0 0 0 0 0 0 0 
#qt 203242 0 0 0 0 0 0 0 0 
#qt 203243 0 0 0 0 0 0 0 0 
#qt 203244 0 0 0 0 0 0 0 0 
#qt 203311 0 0 0 0 0 0 0 0 
#qt 203312 0 0 0 0 0 0 0 0 
#qt 203313 0 0 0 0 0 0 0 0 
#qt 203314 0 0 0 0 0 0 0 0 
#qt 203321 1.7788 1.6872 2.84094 1.63863 1.43215 1.45711 2.03623 2.12759 
#qt 203322 0 0 0 0 0 0 0 0 
#qt 203323 0 0 0 0 0 0 0 0 
#qt 203324 0 0 0 0 0 0 0 0 
#qt 203331 0 0 0 0 0 0 0 0 
#qt 203332 0 0 0 0 0 0 0 0 
#qt 203333 0 0 0 0 0 0 0 0 
#qt 203334 0 0 0 0 0 0 0 0 
#qt 203341 0 0 0 0 0 0 0 0 
#qt 203342 0 0 0 0 0 0 0 0 
#qt 203343 0 0 0 0 0 0 0 0 
#qt 203344 0 0 0 0 0 0 0 0 
#qt 203411 0 0 0 0 0 0 0 0 
#qt 203412 0.0892884 0 0.00700415 0 0 0.0390239 0.0187466 0.0155469 
#qt 203413 0 0 0 0 0 0 0 0 
#qt 203414 0 0 0 0 0 0 0 0 
#qt 203421 0.0840972 0 0 0 0 0.00679057 -0.000313699 0 
#qt 203422 0 0 0 0 0 0 0 0 
#qt 203423 0.0148693 0 0.00453008 0 0.0357439 0 0.0127916 0.0910208 
#qt 203424 0 0 0 0 0 0 0 0 
#qt 203431 0 0 0 0 0 0 0 0 
#qt 203432 0 0 0 0 0 0 0 0 
#qt 203433 0 0 0 0 0 0 0 0 
#qt 203434 0 0 0 0 0 0 0 0 
#qt 203441 0 0 0 0 0 0 0 0 
#qt 203442 0 0 0 0 0 0 0 0 
#qt 203443 0 0 0 0 0 0 0 0 
#qt 203444 0.041138 0.0128895 0.0162002 0 0 0 0.0218692 0.0797229 
#qt 204111 0 0 0 0 0 0 0 0 
#qt 204112 0 0 0 0 0 0 0 0 
#qt 204113 0 0 0 0 0 0 0 0 
#qt 204114 0 0 0 0 0 0 0 0 
#qt 204121 0 0 0 0 0 0 0 0 
#qt 204122 0 0 0 0 0 0 0 0 
#qt 204123 0 0 0 0 0 0 0 0 
#qt 204124 0 0 0 0 0 0 0 0 
#qt 204131 0 0 0 0 0 0 0 0 
#qt 204132 0 0 0 0 0 0 0 0 
#qt 204133 0 0 0 0 0 0 0 0 
#qt 204134 0 0 0 0 0 0 0 0 
#qt 204141 0 0 0 0 0 0 0 0 
#qt 204142 0 0 0 0 0 0 0 0 
#qt 204143 0 0 0 0 0 0 0 0 
#qt 204144 0 0 0 0 0 0 0 0 
#qt 204211 0 0 0 0 0 0 0 0 
#qt 204212 0 0 0 0 0 0 0 0 
#qt 204213 0 0 0 0 0 0 0 0 
#qt 204214 0 0 0 0 0 0 0 0 
#qt 204221 0 0 0 0 0 0 0 0 
#qt 204222 0 0 0 0 0 0 0 0 
#qt 204223 0 0 0 0 0 0 0 0 
#qt 204224 0 0 0 0 0 0 0 0 
#qt 204231 0 0 0 0 0 0 0 0 
#qt 204232 0 0 0 0 0 0 0 0 
#qt 204233 0 0 0 0 0 0 0 0 
#qt 204234 0 0 0 0 0 0 0 0 
#qt 204241 0 0 0 0 0 0 0 0 
#qt 204242 0 0 0 0 0 0 0 0 
#qt 204243 0 0 0 0 0 0 0 0 
#qt 204244 0 0 0 0 0 0 0 0 
#qt 204311 0 0 0 0 0 0 0 0 
#qt 204312 0 0 0 0 0 0 0 0 
#qt 204313 0 0 0 0 0 0 0 0 
#qt 204314 1.64017 2.0029 2.51977 1.7596 1.84849 1.67999 1.63875 1.74439 
#qt 204321 0 0 0 0 0 0 0 0 
#qt 204322 0 0 0 0 0 0 0 0 
#qt 204323 0 0 0 0 0 0 0 0 
#qt 204324 0 0 0 0 0 0 0 0 
#qt 204331 0 0 0 0 0 0 0 0 
#qt 204332 0 0 0 0 0 0 0 0 
#qt 204333 0 0 0 0 0 0 0 0 
#qt 204334 0 0 0 0 0 0 0 0 
#qt 204341 0 0 0 0 0 0 0 0 
#qt 204342 0 0 0 0 0 0 0 0 
#qt 204343 0 0 0 0 0 0 0 0 
#qt 204344 0 0 0 0 0 0 0 0 
#qt 204411 1.34061 2.09906 1.39683 1.1722 1.36352 1.15782 1.25641 1.39092 
#qt 204412 1.46167 1.39779 2.2119 1.34999 1.37165 1.50704 1.34359 1.39498 
#qt 204413 0 0 0 0 0 0 0 0 
#qt 204414 0 0 0 0 0 0 0 0 
#qt 204421 0 0 0 0 0 0 0 0 
#qt 204422 0 0 0 0 0 0 0 0 
#qt 204423 0 0 0 0 0 0 0 0 
#qt 204424 0 0 0 0 0 0 0 0 
#qt 204431 0 0 0 0 0 0 0 0 
#qt 204432 0 0 0 0 0 0 0 0 
#qt 204433 0 0 0 0 0 0 0 0 
#qt 204434 0 0 0 0 0 0 0 0 
#qt 204441 0 0 0 0 0 0 0 0 
#qt 204442 0 0 0 0 0 0 0 0 
#qt 204443 0 0 0 0 0 0 0 0 
#qt 204444 0 0 0 0 0 0 0 0 
#qt 211111 0 0 0 0 0 0 0 0 
#qt 211112 0 0 0 0 0 0 0 0 
#qt 211113 0 0 0 0 0 0 0 0 
#qt 211114 0 0 0 0 0 0 0 0 
#qt 211121 0 0 0 0 0 0 0 0 
#qt 211122 0 0 0 0 0 0 0 0 
#qt 211123 0 0 0 0 0 0 0 0 
#qt 211124 0.125803 0.120286 0.126875 0.151191 0.145822 0.151145 0.152862 0.157232 
#qt 211131 0 0 0 0 0 0 0 0 
#qt 211132 0 0 0 0 0 0 0 0 
#qt 211133 0 0 0 0 0 0 0 0 
#qt 211134 0 0 0 0 0 0 0 0 
#qt 211141 0.0933416 0.0935084 0.0801675 0.116926 0.118687 0.0869392 0.0859768 0.0907469 
#qt 211142 0 0 0 0 0 0 0 0 
#qt 211143 0 0 0 0 0 0 0 0 
#qt 211144 0.0859268 0.101441 0.0984892 0.130801 0.131487 0.129036 0.130854 0.164762 
#qt 211211 0 0 0 0 0 0 0 0 
#qt 211212 0 0 0 0 0 0 0 0 
#qt 211213 0 0 0 0 0 0 0 0 
#qt 211214 0 0 0 0 0 0 0 0 
#qt 211221 0 0 0 0 0 0 0 0 
#qt 211222 1.47438 1.59626 1.32639 1.42211 1.48518 1.40966 1.33946 2.57382 
#qt 211223 0 0 0 0 0 0 0 0 
#qt 211224 0 0 0 0 0 0 0 0 
#qt 211231 0 0 0 0 0 0 0 0 
#qt 211232 0 0 0 0 0 0 0 0 
#qt 211233 0 0 0 0 0 0 0 0 
#qt 211234 0 0 0 0 0 0 0 0 
#qt 211241 0 0 0 0 0 0 0 0 
#qt 211242 0 0 0 0 0 0 0 0 
#qt 211243 0 0 0 0 0 0 0 0 
#qt 211244 0 0 0 0 0 0 0 0 
#qt 211311 0 0 0 0 0 0 0 0 
#qt 211312 0 0 0 0 0 0 0 0 
#qt 211313 0 0 0 0 0 0 0 0 
#qt 211314 0 0 0 0 0 0 0 0 
#qt 211321 0 0 0 0 0 0 0 0 
#qt 211322 0 0 0 0 0 0 0 0 
#qt 211323 0 0 0 0 0 0 0 0 
#qt 211324 0 0 0 0 0 0 0 0 
#qt 211331 0 0 0 0 0 0 0 0 
#qt 211332 0 0 0 0 0 0 0 0 
#qt 211333 0 0 0 0 0 0 0 0 
#qt 211334 0 0 0 0 0 0 0 0 
#qt 211341 0 0 0 0 0 0 0 0 
#qt 211342 0 0 0 0 0 0 0 0 
#qt 211343 0 0 0 0 0 0 0 0 
#qt 211344 0 0 0 0 0 0 0 0 
#qt 211411 0 0 0 0 0 0 0 0 
#qt 211412 0 0 0 0 0 0 0 0 
#qt 211413 1.82684 2.56365 1.81798 1.89583 1.80123 1.9061 1.67914 1.7323 
#qt 211414 0.136478 0.156922 0.159119 0.127983 0.136323 0.157393 0.156558 0.158757 
#qt 211421 0.115679 0.157897 0.166823 0.159724 0.15028 0.158642 0.128726 0.127362 
#qt 211422 0 0 0 0 0 0 0 0 
#qt 211423 0 0 0 0 0 0 0 0 
#qt 211424 0 0 0 0 0 0 0 0 
#qt 211431 0 0 0 0 0 0 0 0 
#qt 211432 0 0 0 0 0 0 0 0 
#qt 211433 0 0 0 0 0 0 0 0 
#qt 211434 0 0 0 0 0 0 0 0 
#qt 211441 0.0809263 0.121984 0.124975 0.122761 0.122479 0.122301 0.0794555 0.0783177 
#qt 211442 0.0783673 0.130798 0.133085 0.127344 0.127758 0.129061 0.123 0.130029 
#qt 211443 0 0 0 0 0 0 0 0 
#qt 211444 0.106664 0.164896 0.179386 0.12779 0.143798 0.134569 0.141993 0.146786 
#qt 212111 0 0 0 0 0 0 0 0 
#qt 212112 0 0 0 0 0 0 0 0 
#qt 212113 0 0 0 0 0 0 0 0 
#qt 212114 0 0 0 0 0 0 0 0 
#qt 212121 0 0 0 0 0 0 0 0 
#qt 212122 0 0 0 0 0 0 0 0 
#qt 212123 0 0 0 0 0 0 0 0 
#qt 212124 0 0 0 0 0 0 0 0 
#qt 212131 1.94873 2.90532 2.30092 1.65882 1.81776 2.06125 2.19084 2.02575 
#qt 212132 1.09238 1.172 1.2754 1.16588 1.96578 1.23444 1.18709 1.09771 
#qt 212133 0 0 0 0 0 0 0 0 
#qt 212134 0 0 0 0 0 0 0 0 
#qt 212141 0 0 0 0 0 0 0 0 
#qt 212142 0 0 0 0 0 0 0 0 
#qt 212143 0 0 0 0 0 0 0 0 
#qt 212144 0 0 0 0 0 0 0 0 
#qt 212211 0 0 0 0 0 0 0 0 
#qt 212212 0 0 0 0 0 0 0 0 
#qt 212213 0 0 0 0 0 0 0 0 
#qt 212214 2.49237 1.58067 1.29966 1.53301 1.47457 1.27113 1.19638 1.46975 
#qt 212221 0 0 0 0 0 0 0 0 
#qt 212222 0 0 0 0 0 0 0 0 
#qt 212223 0 0 0 0 0 0 0 0 
#qt 212224 0 0 0 0 0 0 0 0 
#qt 212231 1.24046 1.32788 1.32597 2.01494 1.28191 1.44544 1.21663 1.38172 
#qt 212232 0 0 0 0 0 0 0 0 
#qt 212233 0 0 0 0 0 0 0 0 
#qt 212234 0 0 0 0 0 0 0 0 
#qt 212241 0 0 0 0 0 0 0 0 
#qt 212242 0 0 0 0 0 0 0 0 
#qt 212243 0 0 0 0 0 0 0 0 
#qt 212244 0.133593 0.0236698 0.135792 0.127658 0.129181 0.134963 0.126066 0.120581 
#qt 212311 0 0 0 0 0 0 0 0 
#qt 212312 0 0 0 0 0 0 0 0 
#qt 212313 0 0 0 0 0 0 0 0 
#qt 212314 0 0 0 0 0 0 0 0 
#qt 212321 0 0 0 0 0 0 0 0 
#qt 212322 0 0 0 0 0 0 0 0 
#qt 212323 0 0 0 0 0 0 0 0 
#qt 212324 0 0 0 0 0 0 0 0 
#qt 212331 0 0 0 0 0 0 0 0 
#qt 212332 0 0 0 0 0 0 0 0 
#qt 212333 0 0 0 0 0 0 0 0 
#qt 212334 0 0 0 0 0 0 0 0 
#qt 212341 0 0 0 0 0 0 0 0 
#qt 212342 0 0 0 0 0 0 0 0 
#qt 212343 0 0 0 0 0 0 0 0 
#qt 212344 0.148856 0.134546 0.144403 0.131014 0.133635 0.146483 0.144995 0.13315 
#qt 212411 0 0 0 0 0 0 0 0 
#qt 212412 0 0 0 0 0 0 0 0 
#qt 212413 0 0 0 0 0 0 0 0 
#qt 212414 0.151038 0.155597 0.152264 0.126419 0.119555 0.121091 0.149171 0.149314 
#qt 212421 0 0 0 0 0 0 0 0 
#qt 212422 0.1992 0.191131 0.198261 0.199341 0.191534 0.184191 0.184852 0.178218 
#qt 212423 0 0 0 0 0 0 0 0 
#qt 212424 0.18711 0.166541 0.18847 0.187891 0.166479 0.159277 0.165462 0.161702 
#qt 212431 0.20511 0.199571 0.208996 0.211897 0.177896 0.145934 0.143913 0.144036 
#qt 212432 0 0 0 0 0 0 0 0 
#qt 212433 0.19018 0.186237 0.189853 0.192975 0.159045 0.152388 0.16878 0.16584 
#qt 212434 0.119216 0.113783 0.121489 0.116022 0.118603 0.119343 0.116273 0.115189 
#qt 212441 0.130822 0.0897063 0.13379 0.132695 0.135057 0.0988041 0.0884237 0.0858623 
#qt 212442 0.14093 0.137623 0.140018 0.134514 0.138861 0.135042 0.137742 0.138934 
#qt 212443 0.129696 0.122185 0.145047 0.126573 0.131845 0.132906 0.133333 0.100336 
#qt 212444 0.152338 0.142383 0.147565 0.143442 0.121147 0.143346 0.146393 0.106789 
#qt 213111 0 0 0 0 0 0 0 0 
#qt 213112 0 0 0 0 0 0 0 0 
#qt 213113 0 0 0 0 0 0 0 0 
#qt 213114 0 0 0 0 0 0 0 0 
#qt 213121 0 0 0 0 0 0 0 0 
#qt 213122 1.28455 1.50385 1.65308 2.25629 1.44909 1.43738 1.41406 1.3479 
#qt 213123 0 0 0 0 0 0 0 0 
#qt 213124 0 0 0 0 0 0 0 0 
#qt 213131 0 0 0 0 0 0 0 0 
#qt 213132 0 0 0 0 0 0 0 0 
#qt 213133 0 0 0 0 0 0 0 0 
#qt 213134 0 0 0 0 0 0 0 0 
#qt 213141 0 0 0 0 0 0 0 0 
#qt 213142 0 0 0 0 0 0 0 0 
#qt 213143 0 0 0 0 0 0 0 0 
#qt 213144 0 0 0 0 0 0 0 0 
#qt 213211 0 0 0 0 0 0 0 0 
#qt 213212 0 0 0 0 0 0 0 0 
#qt 213213 0 0 0 0 0 0 0 0 
#qt 213214 0 0 0 0 0 0 0 0 
#qt 213221 1.12171 1.34024 2.13271 1.39022 1.25935 1.23807 1.24079 1.15363 
#qt 213222 0 0 0 0 0 0 0 0 
#qt 213223 0 0 0 0 0 0 0 0 
#qt 213224 0 0 0 0 0 0 0 0 
#qt 213231 0 0 0 0 0 0 0 0 
#qt 213232 0 0 0 0 0 0 0 0 
#qt 213233 0 0 0 0 0 0 0 0 
#qt 213234 0 0 0 0 0 0 0 0 
#qt 213241 0 0 0 0 0 0 0 0 
#qt 213242 0 0 0 0 0 0 0 0 
#qt 213243 0 0 0 0 0 0 0 0 
#qt 213244 0.123207 0.0321185 0.135186 0.115501 0.120732 0.121932 0.114562 0.109244 
#qt 213311 0 0 0 0 0 0 0 0 
#qt 213312 0 0 0 0 0 0 0 0 
#qt 213313 0 0 0 0 0 0 0 0 
#qt 213314 0 0 0 0 0 0 0 0 
#qt 213321 2.67275 1.93787 1.65636 1.62892 1.4238 1.56976 1.81066 1.6068 
#qt 213322 0 0 0 0 0 0 0 0 
#qt 213323 0 0 0 0 0 0 0 0 
#qt 213324 0.130101 0.128535 0.136406 0.130381 0.127585 0.12842 0.127387 0.120811 
#qt 213331 0 0 0 0 0 0 0 0 
#qt 213332 0 0 0 0 0 0 0 0 
#qt 213333 0 0 0 0 0 0 0 0 
#qt 213334 0 0 0 0 0 0 0 0 
#qt 213341 0 0 0 0 0 0 0 0 
#qt 213342 0 0 0 0 0 0 0 0 
#qt 213343 0 0 0 0 0 0 0 0 
#qt 213344 0.139313 0.110508 0.13171 0.120027 0.121277 0.131628 0.130908 0.116708 
#qt 213411 0 0 0 0 0 0 0 0 
#qt 213412 0.158127 0.155498 0.158953 0.161517 0.104515 0.138879 0.14084 0.141593 
#qt 213413 0 0 0 0 0 0 0 0 
#qt 213414 0.142533 0.13956 0.161748 0.152752 0.0928971 0.134378 0.127798 0.12876 
#qt 213421 0.162602 0.153815 0.159687 0.105313 0.143417 0.102682 0.101016 0.10509 
#qt 213422 0 0 0 0 0 0 0 0 
#qt 213423 0.159495 0.150784 0.151327 0.154725 0.14633 0.0997032 0.144039 0.139833 
#qt 213424 0.156944 0.140625 0.153382 0.140821 0.128754 0.0924899 0.133467 0.119999 
#qt 213431 0 0 0 0 0 0 0 0 
#qt 213432 0 0 0 0 0 0 0 0 
#qt 213433 0 0 0 0 0 0 0 0 
#qt 213434 0.16649 0.148268 0.165954 0.159936 0.153961 0.163772 0.15071 0.180752 
#qt 213441 0.141242 0.144078 0.138139 0.139872 0.14212 0.108281 0.119526 0.117469 
#qt 213442 0.14502 0.142804 0.141884 0.139342 0.137587 0.135543 0.140198 0.142093 
#qt 213443 0.139122 0.137594 0.14269 0.14352 0.142913 0.140499 0.140255 0.140285 
#qt 213444 0.101701 0.101218 0.128538 0.10039 0.0996456 0.100746 0.100162 0.099246 
#qt 214111 0.100704 0.101366 0.0913555 0.0835349 0.0820716 0.0811141 0.0828381 0.0799466 
#qt 214112 0 0 0 0 0 0 0 0 
#qt 214113 0 0 0 0 0 0 0 0 
#qt 214114 0.153906 0.138278 0.0946953 0.0894974 0.0949721 0.137605 0.128702 0.130827 
#qt 214121 0 0 0 0 0 0 0 0 
#qt 214122 0 0 0 0 0 0 0 0 
#qt 214123 0 0 0 0 0 0 0 0 
#qt 214124 0 0 0 0 0 0 0 0 
#qt 214131 0 0 0 0 0 0 0 0 
#qt 214132 0 0 0 0 0 0 0 0 
#qt 214133 0.154491 0.155176 0.110397 0.154333 0.151542 0.153488 0.154487 0.161235 
#qt 214134 0.15909 0.15843 0.109651 0.154597 0.157893 0.154622 0.154817 0.1611 
#qt 214141 0 0 0 0 0 0 0 0 
#qt 214142 0 0 0 0 0 0 0 0 
#qt 214143 0 0 0 0 0 0 0 0 
#qt 214144 0.15496 0.147918 0.0986676 0.146015 0.130607 0.138792 0.139413 0.136344 
#qt 214211 0 0 0 0 0 0 0 0 
#qt 214212 0 0 0 0 0 0 0 0 
#qt 214213 0 0 0 0 0 0 0 0 
#qt 214214 0.182345 0.134736 0.129409 0.0740002 0.156949 0.154678 0.164788 0.17919 
#qt 214221 0 0 0 0 0 0 0 0 
#qt 214222 0 0 0 0 0 0 0 0 
#qt 214223 0.158559 0.134446 0.159884 0.152512 0.156711 0.158176 0.156842 0.155126 
#qt 214224 0.165064 0.141111 0.164489 0.164229 0.164631 0.162202 0.167953 0.169656 
#qt 214231 0 0 0 0 0 0 0 0 
#qt 214232 0.155807 0.157519 0.15667 0.15395 0.156014 0.154734 0.156851 0.155105 
#qt 214233 0.157925 0.138767 0.1592 0.0592092 0.149596 0.131754 0.158086 0.133041 
#qt 214234 0.165108 0.157238 0.161311 0.135906 0.135977 0.14398 0.139569 0.138368 
#qt 214241 0 0 0 0 0 0 0 0 
#qt 214242 0 0 0 0 0 0 0 0 
#qt 214243 0.1431 0.143023 0.155474 0.109554 0.1196 0.125958 0.131381 0.142941 
#qt 214244 0.136476 0.125655 0.154575 0.11294 0.124651 0.128362 0.123348 0.125193 
#qt 214311 0 0 0 0 0 0 0 0 
#qt 214312 0 0 0 0 0 0 0 0 
#qt 214313 0 0 0 0 0 0 0 0 
#qt 214314 0.194256 0.190081 0.188357 0.172483 0.166043 0.169311 0.187049 0.194327 
#qt 214321 0 0 0 0 0 0 0 0 
#qt 214322 0.160818 0.164795 0.16292 0.161453 0.162017 0.164226 0.161887 0.160271 
#qt 214323 0.177645 0.176203 0.177613 0.176619 0.175318 0.174605 0.17336 0.176995 
#qt 214324 0.152184 0.152962 0.163621 0.144702 0.144432 0.123606 0.152295 0.145284 
#qt 214331 0.158741 0.157325 0.155305 0.155431 0.15677 0.129145 0.12167 0.126306 
#qt 214332 0.163166 0.162789 0.165006 0.163463 0.162609 0.162894 0.152459 0.160748 
#qt 214333 0.162439 0.161392 0.165898 0.152946 0.156731 0.163605 0.160109 0.17256 
#qt 214334 0 0 0 0 0 0 0 0 
#qt 214341 0 0 0 0 0 0 0 0 
#qt 214342 0.144007 0.145098 0.158329 0.125304 0.121344 0.128881 0.135227 0.143416 
#qt 214343 0.141658 0.136145 0.150049 0.124674 0.129868 0.135609 0.12997 0.133685 
#qt 214344 0.135981 0.134889 0.150911 0.129568 0.125324 0.132888 0.133997 0.135651 
#qt 214411 0.0937359 0.0249263 0.126801 0.108222 0.0610538 0.0606718 0.0599614 0.0633941 
#qt 214412 0.16396 0.166447 0.166003 0.142753 0.13905 0.134554 0.160938 0.170375 
#qt 214413 0.164816 0.164941 0.159149 0.124663 0.131257 0.149641 0.160781 0.164574 
#qt 214414 0.145187 0.138524 0.142565 0.12591 0.111028 0.105079 0.139995 0.148097 
#qt 214421 0.163435 0.16647 0.166968 0.164604 0.158131 0.135621 0.142088 0.150285 
#qt 214422 0.164048 0.16235 0.161327 0.157865 0.16164 0.163777 0.160204 0.120486 
#qt 214423 0.169423 0.148401 0.169184 0.166851 0.15914 0.163291 0.163077 0.168753 
#qt 214424 0.129159 0.128697 0.152338 0.114503 0.127945 0.130421 0.13032 0.130279 
#qt 214431 0.151326 0.153527 0.157763 0.136451 0.154892 0.152002 0.11115 0.15111 
#qt 214432 0.149619 0.149236 0.14265 0.146861 0.148955 0.148088 0.148553 0.148538 
#qt 214433 0 0 0 0 0 0 0 0 
#qt 214434 0.111612 0.110497 0.142682 0.110494 0.11105 0.111462 0.107855 0.111099 
#qt 214441 0.115273 0.121645 0.115386 0.0936887 0.100512 0.0963274 0.0738104 0.108169 
#qt 214442 0.113957 0.110822 0.122924 0.0986686 0.105442 0.0951884 0.115365 0.077722 
#qt 214443 0.109682 0.0951695 0.134915 0.109357 0.110501 0.10802 0.109018 0.109711 
#qt 214444 0.0838873 0.0682332 0.149635 0.10661 0.0996298 0.106924 0.0996826 0.0534039 
#qt 221111 0 0 0 0 0 0 0 0 
#qt 221112 0 0 0 0 0 0 0 0 
#qt 221113 0 0 0 0 0 0 0 0 
#qt 221114 0 0 0 0 0 0 0 0 
#qt 221121 0 0 0 0 0 0 0 0 
#qt 221122 0 0 0 0 0 0 0 0 
#qt 221123 0 0 0 0 0 0 0 0 
#qt 221124 0 0 0 0 0 0 0 0 
#qt 221131 0 0 0 0 0 0 0 0 
#qt 221132 0 0 0 0 0 0 0 0 
#qt 221133 0 0 0 0 0 0 0 0 
#qt 221134 0 0 0 0 0 0 0 0 
#qt 221141 0 0 0 0 0 0 0 0 
#qt 221142 1.09071 1.19824 1.07144 1.19074 1.1092 1.92428 1.16284 1.02393 
#qt 221143 0 0 0 0 0 0 0 0 
#qt 221144 0.0144993 0.0533782 0.0466047 0.0617945 0.062455 0.07185 0.0589428 0.0268991 
#qt 221211 0 0 0 0 0 0 0 0 
#qt 221212 1.09342 1.17705 1.10961 1.30609 1.21457 2.31815 1.50805 1.25514 
#qt 221213 0 0 0 0 0 0 0 0 
#qt 221214 0 0 0 0 0 0 0 0 
#qt 221221 0 0 0 0 0 0 0 0 
#qt 221222 1.58397 1.84341 1.63914 2.76883 1.71902 1.37477 1.41249 1.35844 
#qt 221223 0 0 0 0 0 0 0 0 
#qt 221224 0 0 0 0 0 0 0 0 
#qt 221231 0 0 0 0 0 0 0 0 
#qt 221232 0 0 0 0 0 0 0 0 
#qt 221233 0 0 0 0 0 0 0 0 
#qt 221234 0 0 0 0 0 0 0 0 
#qt 221241 1.184 1.18519 1.23282 1.9739 1.2422 1.44407 1.25145 1.46904 
#qt 221242 0 0 0 0 0 0 0 0 
#qt 221243 0 0 0 0 0 0 0 0 
#qt 221244 0.0419508 0.041853 0.0831378 0.0726247 0.100369 0.0763931 0.0892431 0.0410168 
#qt 221311 0 0 0 0 0 0 0 0 
#qt 221312 0 0 0 0 0 0 0 0 
#qt 221313 0 0 0 0 0 0 0 0 
#qt 221314 0 0 0 0 0 0 0 0 
#qt 221321 0 0 0 0 0 0 0 0 
#qt 221322 0 0 0 0 0 0 0 0 
#qt 221323 0 0 0 0 0 0 0 0 
#qt 221324 0 0 0 0 0 0 0 0 
#qt 221331 0 0 0 0 0 0 0 0 
#qt 221332 0 0 0 0 0 0 0 0 
#qt 221333 0 0 0 0 0 0 0 0 
#qt 221334 0 0 0 0 0 0 0 0 
#qt 221341 1.28291 1.38611 1.32279 1.40158 2.26871 1.35529 1.18735 1.4073 
#qt 221342 0 0 0 0 0 0 0 0 
#qt 221343 0 0 0 0 0 0 0 0 
#qt 221344 0.053031 0.0514718 0.110332 0.0998268 0.102749 0.0863442 0.0987757 0.0495474 
#qt 221411 0 0 0 0 0 0 0 0 
#qt 221412 0 0 0 0 0 0 0 0 
#qt 221413 0 0 0 0 0 0 0 0 
#qt 221414 0 0 0 0 0 0 0 0 
#qt 221421 0 0 0 0 0 0 0 0 
#qt 221422 0 0 0 0 0 0 0 0 
#qt 221423 0 0 0 0 0 0 0 0 
#qt 221424 0 0 0 0 0 0 0 0 
#qt 221431 0 0 0 0 0 0 0 0 
#qt 221432 0.0616536 0.0659731 0.1307 0.0990874 0.105092 0.0834811 0.100731 0.0680825 
#qt 221433 0.0410173 0.0488994 0.0237689 0.063694 0.004 0.13715 0.0841201 0.0470266 
#qt 221434 0 0 0 0 0 0 0 0 
#qt 221441 0.0874982 0.0778316 0.132594 0.111022 0.113832 0.0859796 0.0820286 0.0864215 
#qt 221442 0.0952251 0.0977783 0.130616 0.139304 0.16952 0.136802 0.132275 0.092412 
#qt 221443 0.073095 0.0775402 0.125037 0.0989835 0.0891029 0.0958708 0.101236 0.0694592 
#qt 221444 0.0651487 0.0704048 0.118784 0.10431 0.110016 0.0910897 0.106478 0.0698897 
#qt 222111 0 0 0 0 0 0 0 0 
#qt 222112 0 0 0 0 0 0 0 0 
#qt 222113 0 0 0 0 0 0 0 0 
#qt 222114 0 0 0 0 0 0 0 0 
#qt 222121 0 0 0 0 0 0 0 0 
#qt 222122 0 0 0 0 0 0 0 0 
#qt 222123 0 0 0 0 0 0 0 0 
#qt 222124 0 0 0 0 0 0 0 0 
#qt 222131 1.41204 1.48683 1.81992 2.77533 1.74125 1.65769 1.82457 1.74948 
#qt 222132 1.19707 1.34576 1.26111 1.42035 2.09771 1.38781 1.41651 1.23091 
#qt 222133 0 0 0 0 0 0 0 0 
#qt 222134 0 0 0 0 0 0 0 0 
#qt 222141 0 0 0 0 0 0 0 0 
#qt 222142 0 0 0 0 0 0 0 0 
#qt 222143 0 0 0 0 0 0 0 0 
#qt 222144 0 0 0 0 0 0 0 0 
#qt 222211 0 0 0 0 0 0 0 0 
#qt 222212 0 0 0 0 0 0 0 0 
#qt 222213 0 0 0 0 0 0 0 0 
#qt 222214 0 0 0 0 0 0 0 0 
#qt 222221 0 0 0 0 0 0 0 0 
#qt 222222 0 0 0 0 0 0 0 0 
#qt 222223 0 0 0 0 0 0 0 0 
#qt 222224 0 0 0 0 0 0 0 0 
#qt 222231 1.25396 1.27118 1.57594 2.1431 1.48173 1.3877 1.30929 1.48369 
#qt 222232 0 0 0 0 0 0 0 0 
#qt 222233 0 0 0 0 0 0 0 0 
#qt 222234 0 0 0 0 0 0 0 0 
#qt 222241 0 0 0 0 0 0 0 0 
#qt 222242 0 0 0 0 0 0 0 0 
#qt 222243 0 0 0 0 0 0 0 0 
#qt 222244 0.0580301 0 0 0.0115018 0 0 0 0 
#qt 222311 0 0 0 0 0 0 0 0 
#qt 222312 0 0 0 0 0 0 0 0 
#qt 222313 0 0 0 0 0 0 0 0 
#qt 222314 0 0 0 0 0 0 0 0 
#qt 222321 0 0 0 0 0 0 0 0 
#qt 222322 0 0 0 0 0 0 0 0 
#qt 222323 0 0 0 0 0 0 0 0 
#qt 222324 0 0 0 0 0 0 0 0 
#qt 222331 0 0 0 0 0 0 0 0 
#qt 222332 0 0 0 0 0 0 0 0 
#qt 222333 0 0 0 0 0 0 0 0 
#qt 222334 0 0 0 0 0 0 0 0 
#qt 222341 0 0 0 0 0 0 0 0 
#qt 222342 0 0 0 0 0 0 0 0 
#qt 222343 0 0 0 0 0 0 0 0 
#qt 222344 0.0787911 0.0743749 0.0688743 0.0419931 0.0816902 0.043428 0.0257058 0.0892987 
#qt 222411 0 0 0 0 0 0 0 0 
#qt 222412 0 0 0 0 0 0 0 0 
#qt 222413 0 0 0 0 0 0 0 0 
#qt 222414 0 0 0 0 0 0 0 0 
#qt 222421 0 0 0 0 0 0 0 0 
#qt 222422 0.109079 0.0268966 0.0569506 0 0.0643123 0.0378813 0.0386237 0.036505 
#qt 222423 0 0 0 0 0 0 0 0 
#qt 222424 0 0 0 0 0 0 0 0 
#qt 222431 0.107344 0 0.0198485 0.004 0.0260971 -0.00232043 -0.00926002 0.0155498 
#qt 222432 0 0 0 0 0 0 0 0 
#qt 222433 0.10557 0.0171769 0 0.00453008 0 0 0 0 
#qt 222434 0 0 0 0 0 0 0 0 
#qt 222441 0 0 0 0 0 0 0 0 
#qt 222442 0 0 0 0 0 0 0 0 
#qt 222443 0 0 0 0 0 0 0 0 
#qt 222444 0.0916269 0 0 0.00453008 0 0.0145961 0.0168546 0.038156 
#qt 223111 0 0 0 0 0 0 0 0 
#qt 223112 0 0 0 0 0 0 0 0 
#qt 223113 0 0 0 0 0 0 0 0 
#qt 223114 0 0 0 0 0 0 0 0 
#qt 223121 0 0 0 0 0 0 0 0 
#qt 223122 1.46724 1.39866 1.51685 2.15775 1.6077 1.33539 1.52559 1.40366 
#qt 223123 0 0 0 0 0 0 0 0 
#qt 223124 0 0 0 0 0 0 0 0 
#qt 223131 0 0 0 0 0 0 0 0 
#qt 223132 0 0 0 0 0 0 0 0 
#qt 223133 0 0 0 0 0 0 0 0 
#qt 223134 0 0 0 0 0 0 0 0 
#qt 223141 0 0 0 0 0 0 0 0 
#qt 223142 0 0 0 0 0 0 0 0 
#qt 223143 0 0 0 0 0 0 0 0 
#qt 223144 0 0 0 0 0 0 0 0 
#qt 223211 0 0 0 0 0 0 0 0 
#qt 223212 0 0 0 0 0 0 0 0 
#qt 223213 0 0 0 0 0 0 0 0 
#qt 223214 0 0 0 0 0 0 0 0 
#qt 223221 1.29902 1.36641 1.35642 2.113 1.23251 1.38279 1.30436 1.23995 
#qt 223222 0 0 0 0 0 0 0 0 
#qt 223223 0 0 0 0 0 0 0 0 
#qt 223224 0 0 0 0 0 0 0 0 
#qt 223231 0 0 0 0 0 0 0 0 
#qt 223232 0 0 0 0 0 0 0 0 
#qt 223233 0 0 0 0 0 0 0 0 
#qt 223234 0 0 0 0 0 0 0 0 
#qt 223241 0 0 0 0 0 0 0 0 
#qt 223242 0 0 0 0 0 0 0 0 
#qt 223243 0 0 0 0 0 0 0 0 
#qt 223244 0 0 0 0 0 0 0 0 
#qt 223311 0 0 0 0 0 0 0 0 
#qt 223312 0 0 0 0 0 0 0 0 
#qt 223313 0 0 0 0 0 0 0 0 
#qt 223314 0 0 0 0 0 0 0 0 
#qt 223321 1.45036 1.53598 1.57036 2.40442 1.48323 1.28988 1.37431 1.57401 
#qt 223322 0 0 0 0 0 0 0 0 
#qt 223323 0 0 0 0 0 0 0 0 
#qt 223324 0 0 0 0 0 0 0 0 
#qt 223331 0 0 0 0 0 0 0 0 
#qt 223332 0 0 0 0 0 0 0 0 
#qt 223333 0 0 0 0 0 0 0 0 
#qt 223334 0 0 0 0 0 0 0 0 
#qt 223341 0 0 0 0 0 0 0 0 
#qt 223342 0 0 0 0 0 0 0 0 
#qt 223343 0 0 0 0 0 0 0 0 
#qt 223344 0 0 0 0 0 0 0 0 
#qt 223411 0 0 0 0 0 0 0 0 
#qt 223412 0 0 0 0 0 0 0 0 
#qt 223413 0 0 0 0 0 0 0 0 
#qt 223414 0 0 0 0 0 0 0 0 
#qt 223421 0 0 0 0 0 0 0 0 
#qt 223422 0 0 0 0 0 0 0 0 
#qt 223423 0 0 0 0 0 0 0 0 
#qt 223424 0 0 0 0 0 0 0 0 
#qt 223431 0 0 0 0 0 0 0 0 
#qt 223432 0 0 0 0 0 0 0 0 
#qt 223433 0 0 0 0 0 0 0 0 
#qt 223434 0 0 0 0 0 0 0 0 
#qt 223441 0 0 0 0 0 0 0 0 
#qt 223442 0 0 0 0 0 0 0 0 
#qt 223443 0 0 0 0 0 0 0 0 
#qt 223444 0 0 0 0 0 0 0 0 
#qt 224111 0 0 0 0 0 0 0 0 
#qt 224112 0 0 0 0 0 0 0 0 
#qt 224113 0 0 0 0 0 0 0 0 
#qt 224114 0 0 0 0 0 0 0 0 
#qt 224121 0 0 0 0 0 0 0 0 
#qt 224122 0 0 0 0 0 0 0 0 
#qt 224123 0 0 0 0 0 0 0 0 
#qt 224124 0 0 0 0 0 0 0 0 
#qt 224131 0 0 0 0 0 0 0 0 
#qt 224132 0 0 0 0 0 0 0 0 
#qt 224133 0 0 0 0 0 0 0 0 
#qt 224134 0 0 0 0 0 0 0 0 
#qt 224141 0 0 0 0 0 0 0 0 
#qt 224142 0 0 0 0 0 0 0 0 
#qt 224143 0 0 0 0 0 0 0 0 
#qt 224144 0 0 0 0 0 0 0 0 
#qt 224211 0 0 0 0 0 0 0 0 
#qt 224212 0 0 0 0 0 0 0 0 
#qt 224213 0 0 0 0 0 0 0 0 
#qt 224214 0 0 0 0 0 0 0 0 
#qt 224221 0 0 0 0 0 0 0 0 
#qt 224222 0 0 0 0 0 0 0 0 
#qt 224223 0 0 0 0 0 0 0 0 
#qt 224224 0 0 0 0 0 0 0 0 
#qt 224231 0 0 0 0 0 0 0 0 
#qt 224232 0 0 0 0 0 0 0 0 
#qt 224233 0 0 0 0 0 0 0 0 
#qt 224234 0 0 0 0 0 0 0 0 
#qt 224241 0 0 0 0 0 0 0 0 
#qt 224242 0 0 0 0 0 0 0 0 
#qt 224243 0 0 0 0 0 0 0 0 
#qt 224244 0 0 0 0 0 0 0 0 
#qt 224311 0 0 0 0 0 0 0 0 
#qt 224312 0 0 0 0 0 0 0 0 
#qt 224313 0 0 0 0 0 0 0 0 
#qt 224314 0 0 0 0 0 0 0 0 
#qt 224321 0 0 0 0 0 0 0 0 
#qt 224322 0 0 0 0 0 0 0 0 
#qt 224323 0 0 0 0 0 0 0 0 
#qt 224324 0 0 0 0 0 0 0 0 
#qt 224331 0 0 0 0 0 0 0 0 
#qt 224332 0 0 0 0 0 0 0 0 
#qt 224333 0 0 0 0 0 0 0 0 
#qt 224334 0 0 0 0 0 0 0 0 
#qt 224341 0 0 0 0 0 0 0 0 
#qt 224342 0 0 0 0 0 0 0 0 
#qt 224343 0 0 0 0 0 0 0 0 
#qt 224344 0 0 0 0 0 0 0 0 
#qt 224411 0 0 0 0 0 0 0 0 
#qt 224412 0 0 0 0 0 0 0 0 
#qt 224413 0 0 0 0 0 0 0 0 
#qt 224414 0 0 0 0 0 0 0 0 
#qt 224421 0 0 0 0 0 0 0 0 
#qt 224422 0 0 0 0 0 0 0 0 
#qt 224423 0 0 0 0 0 0 0 0 
#qt 224424 0 0 0 0 0 0 0 0 
#qt 224431 0 0 0 0 0 0 0 0 
#qt 224432 0 0 0 0 0 0 0 0 
#qt 224433 0 0 0 0 0 0 0 0 
#qt 224434 0 0 0 0 0 0 0 0 
#qt 224441 0 0 0 0 0 0 0 0 
#qt 224442 0 0 0 0 0 0 0 0 
#qt 224443 0 0 0 0 0 0 0 0 
#qt 224444 0 0 0 0 0 0 0 0 

