#ve 1.01
#ep 10000
#em 10000
#im 500
#rg 1
#rf 0.02
#rb -0.01
#rw -0.1
#xr 0.001
#xm 0.001
#al 0.2
#ga 0.9

#qt 001111 0 0 0 0 0 0 0 0 
#qt 001112 0 0 0 0 0 0 0 0 
#qt 001113 0.807611 0.309372 0.760232 0 0.570138 0.262932 0.29264 2.45817 
#qt 001114 0 0 0 0 0 0 0 0 
#qt 001121 0 0 0 0 0 0 0 0 
#qt 001122 0 0 0 0 0 0 0 0 
#qt 001123 0 2.45678 0.726963 0.414369 0.410319 0 0 1.26403 
#qt 001124 0 0 0 0.899102 0 0 0.227481 0 
#qt 001131 0 0 0 0 0.363277 0 0.414369 0.600423 
#qt 001132 0 0 0 0 0.742437 0 0 0.139986 
#qt 001133 0 0 0 0 0 0 0 0 
#qt 001134 0 0 0 0 0 0 0 0 
#qt 001141 0 0 0 0 0 0 0 0 
#qt 001142 2.39542 0 0.339691 1.02201 0.598784 0 0.672536 1.88611 
#qt 001143 0 0 0 0 0 0 0 0 
#qt 001144 0 0 0 0 0 0 0 0 
#qt 001211 0 0 0 0 0 0 0 0 
#qt 001212 0.195016 0.57685 0 2.40577 0.372455 0.661444 0 0.57685 
#qt 001213 0.328483 0.271138 0.346357 0 2.02493 0.395817 0 0.431851 
#qt 001214 0 0 0 0 0 0 0 0 
#qt 001221 0 0 0 0 0 0 0 0 
#qt 001222 0.708041 0.263074 0.244056 0.196215 0.276454 0.392647 0.212579 2.09102 
#qt 001223 0 0 0 0 0 0 0 0 
#qt 001224 0 0 0 0.365439 0 0 0.0628 0 
#qt 001231 0 0 0 0 0 0 0 0 
#qt 001232 0 0 0 0 0 0 0 0 
#qt 001233 0 0 0 0 0 0 0 0 
#qt 001234 0 0 0 0 0 0 0 0 
#qt 001241 0.595343 0.898533 2.58083 0.354625 0.608433 0 0.595343 1.15818 
#qt 001242 0 0 0 0 0 0 0 0 
#qt 001243 0 0 0 0 0 0 0 0 
#qt 001244 0 0 0 0 0 0 0 0 
#qt 001311 0 0 0 0 0 0 0 0 
#qt 001312 0 0.847123 0.208213 0 0 0 0.0844292 0 
#qt 001313 0 0 0 0 0 0 0 0 
#qt 001314 0 0 0 0 0 0 0 0 
#qt 001321 0 0 0 0 0 0 0 0 
#qt 001322 0 0 0 0 0 0 0 0 
#qt 001323 0 0 0 0 0 0 0 0 
#qt 001324 0 0 0.0881586 0.418727 0.224192 0 0 0 
#qt 001331 0 0 0 0 0 0 0 0 
#qt 001332 0 0 0 0 0 0 0 0 
#qt 001333 0 0 0 0 0 0 0 0 
#qt 001334 0 0 0 0 0 0 0 0 
#qt 001341 0.318256 0 0.530142 0.184 0 2.63372 0 0.422418 
#qt 001342 0 0 0 0 0 0 0 0 
#qt 001343 0 0 0 0 0 0 0 0 
#qt 001344 0 0 0 0 0 0 0 0 
#qt 001411 0 0 0 0 0 0 0 0 
#qt 001412 0 0 0 0 0 0.219401 0 0.746017 
#qt 001413 0.900602 0.390679 0.169858 1.12901 0.386696 2.00911 0.260648 0.57635 
#qt 001414 0 0 0 0 0 0 0 0 
#qt 001421 0 0 0 0 0 0 0 0 
#qt 001422 0 0 0 0 0 0 0 0 
#qt 001423 0 0 0 0 0 0 0 0 
#qt 001424 0 0 0 0 0 0 0 0 
#qt 001431 0 0 0 0 0 0 0 0 
#qt 001432 0 0 0 0 0 0 0 0 
#qt 001433 0 0 0 0 0 0 0 0 
#qt 001434 0 0 0 0 0 0 0 0 
#qt 001441 0 0 0 0.836398 0.233627 0 0 0 
#qt 001442 0 0 0 0 0 0 0 0 
#qt 001443 0.578872 0 0.1718 0 0.217477 0 0.185714 0 
#qt 001444 0 0 0 0 0 0 0 0 
#qt 002111 0 0 0 0 0 0 0 0 
#qt 002112 0 0 0 0 0 0 0 0 
#qt 002113 0 0 0 0 0 0 0 0 
#qt 002114 0.896172 0 1.27973 0.412454 0.951972 2.47015 0.620613 0 
#qt 002121 0 0 0 0 0 0 0 0 
#qt 002122 0 0 0 0 0 0 0 0 
#qt 002123 0 0 0 0 0 0 0 0 
#qt 002124 0 1.02795 0 0 0.167232 0 0 0 
#qt 002131 0.531864 0.104913 0.539812 1.68803 0.296452 0 0 0.472846 
#qt 002132 0.68758 1.22669 0.369873 0.881865 2.46907 0.165516 0 0.494901 
#qt 002133 0 0 0 0 0 0 0 0 
#qt 002134 0 0 0 0 0 0 0 0 
#qt 002141 0 0 0.740802 0 0.364105 0 0 0 
#qt 002142 0 0 0 0 0 0 0 0 
#qt 002143 0 0 0 0 0 0 0 0 
#qt 002144 0 0 0 0 0 0 0 0 
#qt 002211 0 0 0 0 0 0 0 0 
#qt 002212 0 0 0 0 0 0 0 0 
#qt 002213 0.106348 0 0.161339 0 0 0 0 0.508444 
#qt 002214 0.309638 0 0.972475 0 0.958956 1.88665 0.580193 0.493317 
#qt 002221 0 0 0 0 0 0 0 0 
#qt 002222 0 0 0 0 0 0 0 0 
#qt 002223 0 0 0 0 0 0 0 0 
#qt 002224 0 0 0 0 0 0 0 0 
#qt 002231 0.408212 0.425367 0.320141 0.296835 0.88862 2.15534 0.395773 0.269658 
#qt 002232 0 0 0 0 0 0 0 0 
#qt 002233 0 0 0 0 0 0 0 0 
#qt 002234 0 0 0 0 0 0 0 0 
#qt 002241 0 0 0 1.12513 0 0.243616 0.184 0 
#qt 002242 0 0 0 0 0 0 0 0 
#qt 002243 0 0 0 0 0 0 0 0 
#qt 002244 0 0 0 0 0 0 0 0 
#qt 002311 0 0 0 0 0 0 0 0 
#qt 002312 0 0 0.182427 0 0 0.644737 0 0 
#qt 002313 0 0 0 0 0 0 0 0 
#qt 002314 0 0 0 0 0 0 0 0 
#qt 002321 0 0 0 0 0 0 0 0 
#qt 002322 0 0 0.557542 0 0.152179 0 0 0 
#qt 002323 0 0 0 0 0 0 0 0 
#qt 002324 0 0 0 0 0 0 0 0 
#qt 002331 0 0 0 0 0 0 0 0 
#qt 002332 0 0 0 0 0 0 0 0 
#qt 002333 0 0 0 0 0 0 0 0 
#qt 002334 0 0 0 0 0 0 0 0 
#qt 002341 0 0 0 0 0 0 0 0 
#qt 002342 0 0 0 0 0 0 0 0 
#qt 002343 0 0 0 0 0 0 0 0 
#qt 002344 0 0 0 0 0 0 0 0 
#qt 002411 0 0 0 0 0 0 0 0 
#qt 002412 0 0 0 0 0 0 0 0 
#qt 002413 0 0 0 0 0 0 0 0 
#qt 002414 0 0 0 0 0 0 0 0 
#qt 002421 0 0 0 0 0 0 0 0 
#qt 002422 0 0 0 0 0 0 0 0 
#qt 002423 0 0 0 0 0 0 0 0 
#qt 002424 0 0 0 0 0 0 0 0 
#qt 002431 0 0 0 0 0 0 0 0 
#qt 002432 0 0 0 0 0 0 0 0 
#qt 002433 0 0 0 0 0 0 0 0 
#qt 002434 0 0 0 0 0 0 0 0 
#qt 002441 0 0 0 0.867266 0 0 0 0.111985 
#qt 002442 0 0 0 0 0 0 0 0 
#qt 002443 0 0 0 0 0 0 0 0 
#qt 002444 0 0 0 0 0 0 0 0 
#qt 003111 0 0.704794 0.307344 0 0 0 0.243616 0 
#qt 003112 0 0 0.184 0.735857 0 0 0 0.189038 
#qt 003113 0 0 0 0 0 0 0 0 
#qt 003114 0 0 0 0 0 0 0 0 
#qt 003121 0 0 0 0 0 0 0 0 
#qt 003122 1.72423 0 0.599045 0.480375 0.230014 0.419605 0.406382 0.730214 
#qt 003123 0 0 0 0 0 0 0 0 
#qt 003124 0 0 0 0 0 0 0 0 
#qt 003131 0 0 0 0 0 0 0 0 
#qt 003132 0 0 0 0 0 0 0 0 
#qt 003133 0 0 0 0 0 0 0 0 
#qt 003134 0 0 0 0 0 0 0 0 
#qt 003141 0 1.15928 0.383806 0 0 0.218093 0.292453 0.243616 
#qt 003142 0 0 0 0 0 0 0 0 
#qt 003143 0 0 0 0 0 0 0 0 
#qt 003144 0 0 0 0 0 0 0 0 
#qt 003211 0 0 0 0 0 0 0 0 
#qt 003212 0 0 0 0 0 0 0 0 
#qt 003213 0 0 0 0 0 0 0 0 
#qt 003214 0 0 0 0 0 0 0 0 
#qt 003221 0 1.99471 0.590702 0.450771 0.298897 0.468711 0.475994 0.343901 
#qt 003222 0 0 0 0 0 0 0 0 
#qt 003223 0 0 0 0 0 0 0 0 
#qt 003224 0 0 0 0 0 0 0 0 
#qt 003231 0 0 0 0 0 0 0 0 
#qt 003232 0 0 0 0 0 0 0 0 
#qt 003233 0 0 0 0 0 0 0 0 
#qt 003234 0 0 0 0 0 0 0 0 
#qt 003241 0 0.234674 0 0.2928 0 0.184 0.597203 0.243616 
#qt 003242 0 0 0 0 0 0 0 0 
#qt 003243 0 0 0 0 0 0 0 0 
#qt 003244 0 0 0 0 0 0 0 0 
#qt 003311 0 0 0 0 0 0 0 0 
#qt 003312 0 0 0 0 0 0 0 0 
#qt 003313 0 0 0 0 0 0 0 0 
#qt 003314 0 0 0 0 0 0 0 0 
#qt 003321 0 2.04926 0.623702 0.576093 0.210888 0.553252 0.752545 0.426954 
#qt 003322 0 0 0 0 0 0 0 0 
#qt 003323 0 0 0 0 0 0 0 0 
#qt 003324 0 0 0 0 0 0 0 0 
#qt 003331 0 0 0 0 0 0 0 0 
#qt 003332 0 0 0 0 0 0 0 0 
#qt 003333 0 0 0 0 0 0 0 0 
#qt 003334 0 0 0 0 0 0 0 0 
#qt 003341 0 0 0 0 0 0 0 0 
#qt 003342 0 0 0 0 0 0 0 0 
#qt 003343 0 0 0 0 0 0 0 0 
#qt 003344 0 0 0 0 0 0 0 0 
#qt 003411 0 0 0 0 0 0 0 0 
#qt 003412 0 0 0 0 0 0 0 0 
#qt 003413 0 0 0 0 0 0 0 0 
#qt 003414 0 0 0 0 0 0 0 0 
#qt 003421 0 0 0 0 0 0 0 0 
#qt 003422 0 0 0 0 0 0 0 0 
#qt 003423 0 0 0 0 0 0 0 0 
#qt 003424 0 0 0 0 0 0 0 0 
#qt 003431 0 0 0 0 0 0 0 0 
#qt 003432 0 0 0 0 0 0 0 0 
#qt 003433 0 0 0 0 0 0 0 0 
#qt 003434 0 0 0 0 0 0 0 0 
#qt 003441 0 0 0 0 0 0 0 0 
#qt 003442 0 0 0 0 0 0 0 0 
#qt 003443 0 0 0 0 0 0 0 0 
#qt 003444 0 0 0 0 0 0 0 0 
#qt 004111 0 0 0 0 0 0 0 0 
#qt 004112 0 0 0 0 0 0 0 0 
#qt 004113 0 0 0 0 0 0 0 0 
#qt 004114 0 0 0 0 0 0 0.999233 0 
#qt 004121 0.182324 0 0 1.39001 0.211559 0.18558 0 0 
#qt 004122 0 0 0 0 0 0 0 0 
#qt 004123 0 0 0 0 0 0 0 0 
#qt 004124 0 0 0 0 0 0 0 0 
#qt 004131 0 0 0 0 0 0 0 0 
#qt 004132 0 0 0 0 0 0 0 0 
#qt 004133 0 0 0 0 0 0 0 0 
#qt 004134 0 0.230532 0.322947 0 0 0.749212 0.143616 0 
#qt 004141 0 0 0 0 0 0 0 0 
#qt 004142 0 0 0 0 0 0 0 0 
#qt 004143 0 0 0 0 0 0 0 0 
#qt 004144 0 0 0 0 0 0 0 0 
#qt 004211 0.217402 0.0920139 0 0.735857 0.184 0 0 0 
#qt 004212 0 0 0 0 0 0 0 0 
#qt 004213 0 0 0 0 0 0 0 0 
#qt 004214 0 0 0 0 0 0 0 0 
#qt 004221 0 0 0 0 0 0 0 0 
#qt 004222 0 0 0 0 0 0 0 0 
#qt 004223 0 0 0 0 0 0 0 0 
#qt 004224 0 0 0 0 0 0 0 0 
#qt 004231 0 0.262225 0.241434 0 0 0.327229 0 0.60496 
#qt 004232 0 0 0 0 0 0 0 0 
#qt 004233 0 0 0 0 0 0 0 0 
#qt 004234 0 0 0 0 0 0 0 0 
#qt 004241 0 0 0 0 0 0 0 0 
#qt 004242 0 0 0 0 0 0 0 0 
#qt 004243 0 0 0 0 0 0 0 0 
#qt 004244 0 0 0 0 0 0 0 0 
#qt 004311 0 0 0 0 0 0 0 0 
#qt 004312 0 0 0 0.709406 0 0.143119 0.09184 0.177684 
#qt 004313 0 0 0 0 0 0 0 0 
#qt 004314 0 0.490893 0.565665 0.740769 0.357114 0.491516 2.03474 0.521088 
#qt 004321 0 0 0 0 0 0 0 0 
#qt 004322 0 0 0 0 0 0 0 0 
#qt 004323 0 0 0 0 0 0 0 0 
#qt 004324 0 0 0 0 0 0 0 0 
#qt 004331 0 0 0 0 0 0 0 0 
#qt 004332 0 0 0 0 0 0 0 0 
#qt 004333 0 0 0 0 0 0 0 0 
#qt 004334 0 0 0 0 0 0 0 0 
#qt 004341 0 0 0 0 0 0 0 0 
#qt 004342 0 0 0 0 0 0 0 0 
#qt 004343 0 0 0 0 0 0 0 0 
#qt 004344 0 0 0 0 0 0 0 0 
#qt 004411 0.84609 0.33739 0.309794 0.354603 2.60869 0.696121 1.35935 1.1786 
#qt 004412 0.297319 0.32802 0.339199 2.22058 0.619521 0.571676 0.18914 0.615919 
#qt 004413 0 0 0 0 0 0 0 0 
#qt 004414 0 0 0 0 0 0 0 0 
#qt 004421 0 0.162124 0 0.288612 0 0 0 0 
#qt 004422 0 0 0 0 0 0 0 0 
#qt 004423 0 0 0 0 0 0 0 0 
#qt 004424 0 0 0 0 0 0 0 0 
#qt 004431 1.07811 0 0 0 0 0 0.331276 0 
#qt 004432 0 0 0 0 0 0 0 0 
#qt 004433 0 0 0 0 0 0 0 0 
#qt 004434 0 0 0 0 0 0 0 0 
#qt 004441 0 0 0 0 0 0 0 0 
#qt 004442 0 0 0 0 0 0 0 0 
#qt 004443 0 0 0 0 0 0 0 0 
#qt 004444 0 0 0 0 0 0 0 0 
#qt 011111 0 0 0 0 0 0 0 0 
#qt 011112 0 0 0 0 0 0 0 0 
#qt 011113 0 0 0 0 0 0 0 0 
#qt 011114 0 0 0 0 0 0 0 0 
#qt 011121 0 0 0 0 0 0 0 0 
#qt 011122 0 0 0 0 0 0 0 0 
#qt 011123 1.25503 1.34787 1.16916 1.11267 1.34602 1.22669 2.1793 1.08089 
#qt 011124 0 0 0 0 0 0 0 0 
#qt 011131 0.310149 0.306323 0.302363 0.317449 0.324641 0.435056 0.320805 0.300602 
#qt 011132 0.843423 0.814114 0.834515 0.759012 0.854672 0.700139 0.9168 1.13394 
#qt 011133 0 0 0 0 0 0 0 0 
#qt 011134 0 0 0 0 0 0 0 0 
#qt 011141 0 0 0 0 0 0 0 0 
#qt 011142 0 0 0 0 0 0 0 0 
#qt 011143 0 0 0 0 0 0 0 0 
#qt 011144 0 0 0 0 0 0 0 0 
#qt 011211 0 0 0 0 0 0 0 0 
#qt 011212 0 0 0 0 0 0 0 0 
#qt 011213 0.512725 0.797785 0.542327 0.532423 0.53324 0.540968 0.524185 0.510599 
#qt 011214 0 0 0 0 0 0 0 0 
#qt 011221 0 0 0 0 0 0 0 0 
#qt 011222 1.56571 1.91656 1.11017 1.20912 1.19149 1.35087 1.32268 2.805 
#qt 011223 0 0 0 0 0 0 0 0 
#qt 011224 0 0 0 0 0 0 0 0 
#qt 011231 0 0 0 0 0 0 0 0 
#qt 011232 0 0 0 0 0 0 0 0 
#qt 011233 0 0 0 0 0 0 0 0 
#qt 011234 0 0 0 0 0 0 0 0 
#qt 011241 0 0 0 0 0 0 0 0 
#qt 011242 0 0 0 0 0 0 0 0 
#qt 011243 0 0 0 0 0 0 0 0 
#qt 011244 0 0 0 0 0 0 0 0 
#qt 011311 0 0 0 0 0 0 0 0 
#qt 011312 0.74452 0.794598 0.602487 0.735356 0.786214 0.805422 0.646267 0.865884 
#qt 011313 0 0 0 0 0 0 0 0 
#qt 011314 0 0 0 0 0 0 0 0 
#qt 011321 0 0 0 0 0 0 0 0 
#qt 011322 0 0 0 0 0 0 0 0 
#qt 011323 0 0 0 0 0 0 0 0 
#qt 011324 0 0 0 0 0 0 0 0 
#qt 011331 0 0 0 0 0 0 0 0 
#qt 011332 0 0 0 0 0 0 0 0 
#qt 011333 0 0 0 0 0 0 0 0 
#qt 011334 0 0 0 0 0 0 0 0 
#qt 011341 0 0 0 0 0 0 0 0 
#qt 011342 0 0 0 0 0 0 0 0 
#qt 011343 0 0 0 0 0 0 0 0 
#qt 011344 0 0 0 0 0 0 0 0 
#qt 011411 0 0 0 0 0 0 0 0 
#qt 011412 0 0 0 0 0 0 0 0 
#qt 011413 0 0 0 0 0 0 0 0 
#qt 011414 0 0 0 0 0 0 0 0 
#qt 011421 0 0 0 0 0 0 0 0 
#qt 011422 0 0 0 0 0 0 0 0 
#qt 011423 0 0 0 0 0 0 0 0 
#qt 011424 0 0 0 0 0 0 0 0 
#qt 011431 0 0 0 0 0 0 0 0 
#qt 011432 0 0 0 0 0 0 0 0 
#qt 011433 0 0 0 0 0 0 0 0 
#qt 011434 0 0 0 0 0 0 0 0 
#qt 011441 0 0 0 0 0 0 0 0 
#qt 011442 0 0 0 0 0 0 0 0 
#qt 011443 0 0 0 0 0 0 0 0 
#qt 011444 0 0 0 0 0 0 0 0 
#qt 012111 0 0 0 0 0 0 0 0 
#qt 012112 0 0 0 0 0 0 0 0 
#qt 012113 0 0 0 0 0 0 0 0 
#qt 012114 1.6016 1.08792 1.08098 1.13329 1.16558 1.12706 1.05946 1.19139 
#qt 012121 0 0 0 0 0 0 0 0 
#qt 012122 0 0 0 0 0 0 0 0 
#qt 012123 0 0 0 0 0 0 0 0 
#qt 012124 1.5205 0.33525 0.314638 0.32015 0.336954 0.320938 0.311742 0.31721 
#qt 012131 3.3683 1.60762 2.3757 1.31941 1.74382 2.37843 2.42344 2.36487 
#qt 012132 3.15586 2.64785 2.64131 2.67579 2.4235 1.94424 1.42964 1.57244 
#qt 012133 0 0 0 0 0 0 0 0 
#qt 012134 0 0 0 0 0 0 0 0 
#qt 012141 1.75271 1.08146 1.34742 1.25272 1.1889 1.25403 1.36851 1.28123 
#qt 012142 0 0 0 0 0 0 0 0 
#qt 012143 0 0 0 0 0 0 0 0 
#qt 012144 0 0 0 0 0 0 0 0 
#qt 012211 0 0 0 0 0 0 0 0 
#qt 012212 0 0 0 0 0 0 0 0 
#qt 012213 0.870601 0.701284 0.647855 0.67038 0.617539 0.385626 0.775191 1.20039 
#qt 012214 2.70422 1.25472 1.23841 1.2361 1.4579 1.21601 1.34012 1.34527 
#qt 012221 0 0 0 0 0 0 0 0 
#qt 012222 0 0 0 0 0 0 0 0 
#qt 012223 0 0 0 0 0 0 0 0 
#qt 012224 0 0 0 0 0 0 0 0 
#qt 012231 3.02761 1.82572 1.84515 1.73443 1.68784 2.1003 2.14788 2.09152 
#qt 012232 0 0 0 0 0 0 0 0 
#qt 012233 0 0 0 0 0 0 0 0 
#qt 012234 0 0 0 0 0 0 0 0 
#qt 012241 3.32272 2.6812 2.79548 2.19746 2.05142 2.69285 2.8568 2.39062 
#qt 012242 0 0 0 0 0 0 0 0 
#qt 012243 0 0 0 0 0 0 0 0 
#qt 012244 0 0 0 0 0 0 0 0 
#qt 012311 0 0 0 0 0 0 0 0 
#qt 012312 1.37637 0.679819 0.72357 1.10199 1.10811 0.860239 0.965379 0.947591 
#qt 012313 0 0 0 0 0 0 0 0 
#qt 012314 0 0 0 0 0 0 0 0 
#qt 012321 0 0 0 0 0 0 0 0 
#qt 012322 1.65277 0.976586 0.733281 0.900173 0.866776 0.733543 0.817825 0.917685 
#qt 012323 0 0 0 0 0 0 0 0 
#qt 012324 0 0 0 0 0 0 0 0 
#qt 012331 0 0 0 0 0 0 0 0 
#qt 012332 0 0 0 0 0 0 0 0 
#qt 012333 0 0 0 0 0 0 0 0 
#qt 012334 0 0 0 0 0 0 0 0 
#qt 012341 0 0 0 0 0 0 0 0 
#qt 012342 0 0 0 0 0 0 0 0 
#qt 012343 0 0 0 0 0 0 0 0 
#qt 012344 0 0 0 0 0 0 0 0 
#qt 012411 0 0 0 0 0 0 0 0 
#qt 012412 0 0 0 0 0 0 0 0 
#qt 012413 0 0 0 0 0 0 0 0 
#qt 012414 0 0 0 0 0 0 0 0 
#qt 012421 0 0 0 0 0 0 0 0 
#qt 012422 0 0 0 0 0 0 0 0 
#qt 012423 0 0 0 0 0 0 0 0 
#qt 012424 0 0 0 0 0 0 0 0 
#qt 012431 0 0 0 0 0 0 0 0 
#qt 012432 0 0 0 0 0 0 0 0 
#qt 012433 0 0 0 0 0 0 0 0 
#qt 012434 0 0 0 0 0 0 0 0 
#qt 012441 1.5083 0.914015 0.906946 0.958514 1.08514 1.1477 1.12378 0.895975 
#qt 012442 0 0 0 0 0 0 0 0 
#qt 012443 0 0 0 0 0 0 0 0 
#qt 012444 0 0 0 0 0 0 0 0 
#qt 013111 1.34929 0.356418 0.328039 0.336562 0.343326 0.338793 0.332576 0.342306 
#qt 013112 1.31638 0.76557 0.805687 0.821274 0.783256 0.810642 0.720047 0.833854 
#qt 013113 0 0 0 0 0 0 0 0 
#qt 013114 0 0 0 0 0 0 0 0 
#qt 013121 0 0 0 0 0 0 0 0 
#qt 013122 3.22196 2.62793 2.47674 1.23505 2.40664 1.54813 1.26241 1.20726 
#qt 013123 0 0 0 0 0 0 0 0 
#qt 013124 0 0 0 0 0 0 0 0 
#qt 013131 0 0 0 0 0 0 0 0 
#qt 013132 0 0 0 0 0 0 0 0 
#qt 013133 0 0 0 0 0 0 0 0 
#qt 013134 0 0 0 0 0 0 0 0 
#qt 013141 1.76981 1.01881 1.33474 1.07253 1.11263 1.16296 1.12147 1.14798 
#qt 013142 0 0 0 0 0 0 0 0 
#qt 013143 0 0 0 0 0 0 0 0 
#qt 013144 0 0 0 0 0 0 0 0 
#qt 013211 0 0 0 0 0 0 0 0 
#qt 013212 0 0 0 0 0 0 0 0 
#qt 013213 0 0 0 0 0 0 0 0 
#qt 013214 0 0 0 0 0 0 0 0 
#qt 013221 2.8412 1.49938 1.75633 1.53459 1.59505 1.63651 2.01424 1.61689 
#qt 013222 0 0 0 0 0 0 0 0 
#qt 013223 0 0 0 0 0 0 0 0 
#qt 013224 0 0 0 0 0 0 0 0 
#qt 013231 0 0 0 0 0 0 0 0 
#qt 013232 0 0 0 0 0 0 0 0 
#qt 013233 0 0 0 0 0 0 0 0 
#qt 013234 0 0 0 0 0 0 0 0 
#qt 013241 2.22115 1.70172 1.52412 1.61157 1.585 1.70244 1.56009 1.7928 
#qt 013242 0 0 0 0 0 0 0 0 
#qt 013243 0 0 0 0 0 0 0 0 
#qt 013244 0 0 0 0 0 0 0 0 
#qt 013311 0 0 0 0 0 0 0 0 
#qt 013312 0 0 0 0 0 0 0 0 
#qt 013313 0 0 0 0 0 0 0 0 
#qt 013314 0 0 0 0 0 0 0 0 
#qt 013321 2.53139 1.95143 1.46984 1.60997 1.71595 1.73256 2.01751 1.96118 
#qt 013322 0 0 0 0 0 0 0 0 
#qt 013323 0 0 0 0 0 0 0 0 
#qt 013324 0 0 0 0 0 0 0 0 
#qt 013331 0 0 0 0 0 0 0 0 
#qt 013332 0 0 0 0 0 0 0 0 
#qt 013333 0 0 0 0 0 0 0 0 
#qt 013334 0 0 0 0 0 0 0 0 
#qt 013341 0 0 0 0 0 0 0 0 
#qt 013342 0 0 0 0 0 0 0 0 
#qt 013343 0 0 0 0 0 0 0 0 
#qt 013344 0 0 0 0 0 0 0 0 
#qt 013411 0 0 0 0 0 0 0 0 
#qt 013412 0 0 0 0 0 0 0 0 
#qt 013413 0 0 0 0 0 0 0 0 
#qt 013414 0 0 0 0 0 0 0 0 
#qt 013421 0 0 0 0 0 0 0 0 
#qt 013422 0 0 0 0 0 0 0 0 
#qt 013423 0 0 0 0 0 0 0 0 
#qt 013424 0 0 0 0 0 0 0 0 
#qt 013431 0 0 0 0 0 0 0 0 
#qt 013432 0 0 0 0 0 0 0 0 
#qt 013433 0 0 0 0 0 0 0 0 
#qt 013434 0 0 0 0 0 0 0 0 
#qt 013441 0 0 0 0 0 0 0 0 
#qt 013442 0 0 0 0 0 0 0 0 
#qt 013443 0 0 0 0 0 0 0 0 
#qt 013444 0 0 0 0 0 0 0 0 
#qt 014111 0 0 0 0 0 0 0 0 
#qt 014112 0 0 0 0 0 0 0 0 
#qt 014113 0 0 0 0 0 0 0 0 
#qt 014114 1.94803 1.03606 1.04662 0.910609 0.91909 0.974974 1.02306 1.03926 
#qt 014121 1.73534 1.31087 1.29162 1.10748 1.17775 1.08408 1.27313 1.17733 
#qt 014122 0 0 0 0 0 0 0 0 
#qt 014123 0 0 0 0 0 0 0 0 
#qt 014124 0 0 0 0 0 0 0 0 
#qt 014131 0 0 0 0 0 0 0 0 
#qt 014132 0 0 0 0 0 0 0 0 
#qt 014133 0 0 0 0 0 0 0 0 
#qt 014134 1.85683 1.1525 1.18639 1.0884 1.06257 1.13084 0.977812 1.27107 
#qt 014141 0 0 0 0 0 0 0 0 
#qt 014142 0 0 0 0 0 0 0 0 
#qt 014143 0 0 0 0 0 0 0 0 
#qt 014144 0 0 0 0 0 0 0 0 
#qt 014211 1.24492 0.746377 0.522036 0.876563 0.893454 0.924504 0.884481 0.895857 
#qt 014212 0 0 0 0 0 0 0 0 
#qt 014213 0 0 0 0 0 0 0 0 
#qt 014214 0 0 0 0 0 0 0 0 
#qt 014221 0 0 0 0 0 0 0 0 
#qt 014222 0 0 0 0 0 0 0 0 
#qt 014223 0 0 0 0 0 0 0 0 
#qt 014224 0 0 0 0 0 0 0 0 
#qt 014231 1.84856 1.04089 0.848758 0.555318 1.00229 1.08541 1.00617 1.09588 
#qt 014232 0 0 0 0 0 0 0 0 
#qt 014233 0 0 0 0 0 0 0 0 
#qt 014234 0 0 0 0 0 0 0 0 
#qt 014241 0 0 0 0 0 0 0 0 
#qt 014242 0 0 0 0 0 0 0 0 
#qt 014243 0 0 0 0 0 0 0 0 
#qt 014244 0 0 0 0 0 0 0 0 
#qt 014311 0 0 0 0 0 0 0 0 
#qt 014312 2.56025 2.42166 1.00585 2.40035 2.33886 0.961651 1.51059 1.18672 
#qt 014313 0 0 0 0 0 0 0 0 
#qt 014314 2.54658 1.46577 1.41499 1.33947 1.47982 1.48081 1.31068 1.55252 
#qt 014321 0 0 0 0 0 0 0 0 
#qt 014322 0 0 0 0 0 0 0 0 
#qt 014323 0 0 0 0 0 0 0 0 
#qt 014324 0 0 0 0 0 0 0 0 
#qt 014331 0 0 0 0 0 0 0 0 
#qt 014332 0 0 0 0 0 0 0 0 
#qt 014333 0 0 0 0 0 0 0 0 
#qt 014334 0 0 0 0 0 0 0 0 
#qt 014341 0 0 0 0 0 0 0 0 
#qt 014342 0 0 0 0 0 0 0 0 
#qt 014343 0 0 0 0 0 0 0 0 
#qt 014344 0 0 0 0 0 0 0 0 
#qt 014411 1.61364 1.09029 1.11034 1.05458 1.01425 1.07389 1.0833 1.10268 
#qt 014412 2.68882 1.57264 1.3372 1.73491 1.63336 1.56167 1.28867 1.22988 
#qt 014413 0 0 0 0 0 0 0 0 
#qt 014414 0 0 0 0 0 0 0 0 
#qt 014421 1.50361 0.975695 0.631859 0.482704 0.916008 1.00226 0.997658 0.978322 
#qt 014422 0 0 0 0 0 0 0 0 
#qt 014423 0 0 0 0 0 0 0 0 
#qt 014424 0 0 0 0 0 0 0 0 
#qt 014431 1.72713 1.26849 1.54431 1.18162 1.26052 1.55959 1.27543 1.54295 
#qt 014432 0 0 0 0 0 0 0 0 
#qt 014433 0 0 0 0 0 0 0 0 
#qt 014434 0 0 0 0 0 0 0 0 
#qt 014441 0 0 0 0 0 0 0 0 
#qt 014442 0 0 0 0 0 0 0 0 
#qt 014443 0 0 0 0 0 0 0 0 
#qt 014444 0 0 0 0 0 0 0 0 
#qt 021111 0 0 0 0 0 0 0 0 
#qt 021112 0 0 0 0 0 0 0 0 
#qt 021113 1.02152 0.995784 1.06557 0.953511 0.938534 0.958996 1.92091 0.932901 
#qt 021114 0 0 0 0 0 0 0 0 
#qt 021121 0 0 0 0 0 0 0 0 
#qt 021122 0 0 0 0 0 0 0 0 
#qt 021123 1.38194 1.54651 1.35362 1.60153 2.58723 1.48774 1.65581 1.59203 
#qt 021124 0.108283 0.120259 0.114819 0.125221 0.128394 0.129341 0.126114 0.12556 
#qt 021131 1.19033 1.02761 1.10214 1.21345 1.44735 0.879081 1.29729 1.0665 
#qt 021132 1.09896 1.11242 1.16229 0.787432 1.50091 0.903698 0.975814 0.539486 
#qt 021133 0 0 0 0 0 0 0 0 
#qt 021134 0 0 0 0 0 0 0 0 
#qt 021141 0 0 0 0 0 0 0 0 
#qt 021142 0.193331 0.199696 0.194907 0.191297 0.199092 0.1957 0.196108 0.184792 
#qt 021143 0 0 0 0 0 0 0 0 
#qt 021144 0 0 0 0 0 0 0 0 
#qt 021211 0 0 0 0 0 0 0 0 
#qt 021212 1.42199 1.32135 0.972102 1.18057 1.28136 2.26945 1.3549 1.22336 
#qt 021213 0.888361 0.680411 0.883816 1.4141 0.869921 0.904343 0.593995 0.888 
#qt 021214 0 0 0 0 0 0 0 0 
#qt 021221 0 0 0 0 0 0 0 0 
#qt 021222 1.36009 1.62448 1.15591 1.1406 2.56383 1.49119 1.53934 1.29433 
#qt 021223 0 0 0 0 0 0 0 0 
#qt 021224 0.133979 0.134928 0.135604 0.131602 0.135862 0.136551 0.135334 0.128752 
#qt 021231 0 0 0 0 0 0 0 0 
#qt 021232 0 0 0 0 0 0 0 0 
#qt 021233 0 0 0 0 0 0 0 0 
#qt 021234 0 0 0 0 0 0 0 0 
#qt 021241 1.19602 1.20455 1.26082 1.27545 1.44154 1.22394 1.2127 1.17135 
#qt 021242 0 0 0 0 0 0 0 0 
#qt 021243 0 0 0 0 0 0 0 0 
#qt 021244 0 0 0 0 0 0 0 0 
#qt 021311 0 0 0 0 0 0 0 0 
#qt 021312 0 0 0 0 0 0 0 0 
#qt 021313 0 0 0 0 0 0 0 0 
#qt 021314 0 0 0 0 0 0 0 0 
#qt 021321 0 0 0 0 0 0 0 0 
#qt 021322 0 0 0 0 0 0 0 0 
#qt 021323 0 0 0 0 0 0 0 0 
#qt 021324 0.14121 0.145985 0.145267 0.147323 0.141596 0.146859 0.143868 0.141662 
#qt 021331 0 0 0 0 0 0 0 0 
#qt 021332 0 0 0 0 0 0 0 0 
#qt 021333 0 0 0 0 0 0 0 0 
#qt 021334 0 0 0 0 0 0 0 0 
#qt 021341 1.15566 1.24748 1.02815 1.25847 2.24283 1.26697 1.30774 1.24504 
#qt 021342 0 0 0 0 0 0 0 0 
#qt 021343 0 0 0 0 0 0 0 0 
#qt 021344 0 0 0 0 0 0 0 0 
#qt 021411 0 0 0 0 0 0 0 0 
#qt 021412 0 0 0 0 0 0 0 0 
#qt 021413 0 0 0 0 0 0 0 0 
#qt 021414 0 0 0 0 0 0 0 0 
#qt 021421 0 0 0 0 0 0 0 0 
#qt 021422 0 0 0 0 0 0 0 0 
#qt 021423 0 0 0 0 0 0 0 0 
#qt 021424 0 0 0 0 0 0 0 0 
#qt 021431 0 0 0 0 0 0 0 0 
#qt 021432 0 0 0 0 0 0 0 0 
#qt 021433 0 0 0 0 0 0 0 0 
#qt 021434 0 0 0 0 0 0 0 0 
#qt 021441 1.10953 1.13991 0.910271 1.17354 1.38332 1.01788 1.25347 1.12909 
#qt 021442 0 0 0 0 0 0 0 0 
#qt 021443 0.92143 0.960388 0.81104 0.894508 1.08 0.860123 0.98692 0.882361 
#qt 021444 0 0 0 0 0 0 0 0 
#qt 022111 0 0 0 0 0 0 0 0 
#qt 022112 0 0 0 0 0 0 0 0 
#qt 022113 0 0 0 0 0 0 0 0 
#qt 022114 0.111586 0.109023 0.101381 0.0886933 0.0987659 0.109478 0.109145 0.112766 
#qt 022121 0 0 0 0 0 0 0 0 
#qt 022122 0 0 0 0 0 0 0 0 
#qt 022123 0 0 0 0 0 0 0 0 
#qt 022124 1.03293 1.06498 1.10555 1.1977 1.4913 1.13334 0.542417 1.13614 
#qt 022131 1.2686 1.11716 1.50037 1.34262 2.6309 1.1373 1.33572 1.32485 
#qt 022132 0.186646 0.174184 0.176574 0.168692 0.190736 0.185826 0.185055 0.186749 
#qt 022133 0 0 0 0 0 0 0 0 
#qt 022134 0 0 0 0 0 0 0 0 
#qt 022141 1.14591 1.04163 1.19377 1.23113 1.67871 1.16953 1.33105 1.2306 
#qt 022142 0 0 0 0 0 0 0 0 
#qt 022143 0 0 0 0 0 0 0 0 
#qt 022144 0 0 0 0 0 0 0 0 
#qt 022211 0 0 0 0 0 0 0 0 
#qt 022212 0 0 0 0 0 0 0 0 
#qt 022213 0.119053 0.11975 0.118815 0.112379 0.106582 0.103475 0.119313 0.119862 
#qt 022214 0 0 0 0 0 0 0 0 
#qt 022221 0 0 0 0 0 0 0 0 
#qt 022222 0 0 0 0 0 0 0 0 
#qt 022223 0 0 0 0 0 0 0 0 
#qt 022224 0 0 0 0 0 0 0 0 
#qt 022231 1.28759 1.10321 1.51656 1.54304 2.64747 1.56629 1.54066 1.52874 
#qt 022232 0 0 0 0 0 0 0 0 
#qt 022233 0 0 0 0 0 0 0 0 
#qt 022234 0 0 0 0 0 0 0 0 
#qt 022241 1.19922 1.24142 1.23474 1.34205 1.7328 1.24488 1.26624 1.24032 
#qt 022242 0 0 0 0 0 0 0 0 
#qt 022243 0 0 0 0 0 0 0 0 
#qt 022244 0 0 0 0 0 0 0 0 
#qt 022311 0 0 0 0 0 0 0 0 
#qt 022312 0.127647 0.128562 0.128201 0.118636 0.110274 0.130236 0.126845 0.128129 
#qt 022313 0 0 0 0 0 0 0 0 
#qt 022314 0 0 0 0 0 0 0 0 
#qt 022321 0 0 0 0 0 0 0 0 
#qt 022322 0.977108 1.08009 0.720666 1.17072 1.65828 0.517078 0.775995 1.03553 
#qt 022323 0 0 0 0 0 0 0 0 
#qt 022324 0 0 0 0 0 0 0 0 
#qt 022331 0 0 0 0 0 0 0 0 
#qt 022332 0 0 0 0 0 0 0 0 
#qt 022333 0 0 0 0 0 0 0 0 
#qt 022334 0 0 0 0 0 0 0 0 
#qt 022341 0 0 0 0 0 0 0 0 
#qt 022342 0 0 0 0 0 0 0 0 
#qt 022343 0 0 0 0 0 0 0 0 
#qt 022344 0 0 0 0 0 0 0 0 
#qt 022411 0 0 0 0 0 0 0 0 
#qt 022412 0 0 0 0 0 0 0 0 
#qt 022413 0 0 0 0 0 0 0 0 
#qt 022414 0 0 0 0 0 0 0 0 
#qt 022421 0 0 0 0 0 0 0 0 
#qt 022422 0 0 0 0 0 0 0 0 
#qt 022423 0 0 0 0 0 0 0 0 
#qt 022424 0 0 0 0 0 0 0 0 
#qt 022431 0 0 0 0 0 0 0 0 
#qt 022432 0 0 0 0 0 0 0 0 
#qt 022433 0 0 0 0 0 0 0 0 
#qt 022434 0 0 0 0 0 0 0 0 
#qt 022441 1.04326 0.734618 0.653818 1.02223 1.16403 0.947505 0.979823 0.933695 
#qt 022442 0 0 0 0 0 0 0 0 
#qt 022443 0 0 0 0 0 0 0 0 
#qt 022444 0 0 0 0 0 0 0 0 
#qt 023111 0 0 0 0 0 0 0 0 
#qt 023112 0 0 0 0 0 0 0 0 
#qt 023113 0 0 0 0 0 0 0 0 
#qt 023114 0 0 0 0 0 0 0 0 
#qt 023121 0 0 0 0 0 0 0 0 
#qt 023122 0.180025 0.15883 0.178397 0.17927 0.53476 0.18035 0.180979 0.180274 
#qt 023123 0 0 0 0 0 0 0 0 
#qt 023124 0 0 0 0 0 0 0 0 
#qt 023131 0 0 0 0 0 0 0 0 
#qt 023132 0 0 0 0 0 0 0 0 
#qt 023133 0 0 0 0 0 0 0 0 
#qt 023134 0 0 0 0 0 0 0 0 
#qt 023141 1.15321 1.10423 1.04343 0.849975 1.26805 1.01484 1.07802 1.08656 
#qt 023142 0 0 0 0 0 0 0 0 
#qt 023143 0 0 0 0 0 0 0 0 
#qt 023144 0 0 0 0 0 0 0 0 
#qt 023211 0 0 0 0 0 0 0 0 
#qt 023212 0 0 0 0 0 0 0 0 
#qt 023213 0 0 0 0 0 0 0 0 
#qt 023214 0 0 0 0 0 0 0 0 
#qt 023221 1.46042 1.23623 1.48079 1.65731 2.97435 1.42043 1.38444 1.74293 
#qt 023222 0 0 0 0 0 0 0 0 
#qt 023223 0 0 0 0 0 0 0 0 
#qt 023224 0 0 0 0 0 0 0 0 
#qt 023231 0 0 0 0 0 0 0 0 
#qt 023232 0 0 0 0 0 0 0 0 
#qt 023233 0 0 0 0 0 0 0 0 
#qt 023234 0 0 0 0 0 0 0 0 
#qt 023241 1.37398 1.31709 1.39324 1.55991 1.9781 1.27196 1.37867 1.36534 
#qt 023242 0 0 0 0 0 0 0 0 
#qt 023243 0 0 0 0 0 0 0 0 
#qt 023244 0 0 0 0 0 0 0 0 
#qt 023311 0 0 0 0 0 0 0 0 
#qt 023312 0 0 0 0 0 0 0 0 
#qt 023313 0 0 0 0 0 0 0 0 
#qt 023314 0 0 0 0 0 0 0 0 
#qt 023321 1.19774 1.67582 1.298 1.43329 2.70557 1.34504 1.6423 1.40433 
#qt 023322 0 0 0 0 0 0 0 0 
#qt 023323 0 0 0 0 0 0 0 0 
#qt 023324 0 0 0 0 0 0 0 0 
#qt 023331 0 0 0 0 0 0 0 0 
#qt 023332 0 0 0 0 0 0 0 0 
#qt 023333 0 0 0 0 0 0 0 0 
#qt 023334 0 0 0 0 0 0 0 0 
#qt 023341 0 0 0 0 0 0 0 0 
#qt 023342 0 0 0 0 0 0 0 0 
#qt 023343 0 0 0 0 0 0 0 0 
#qt 023344 0 0 0 0 0 0 0 0 
#qt 023411 0 0 0 0 0 0 0 0 
#qt 023412 0 0 0 0 0 0 0 0 
#qt 023413 0 0 0 0 0 0 0 0 
#qt 023414 0 0 0 0 0 0 0 0 
#qt 023421 0 0 0 0 0 0 0 0 
#qt 023422 0 0 0 0 0 0 0 0 
#qt 023423 0 0 0 0 0 0 0 0 
#qt 023424 0 0 0 0 0 0 0 0 
#qt 023431 0 0 0 0 0 0 0 0 
#qt 023432 0 0 0 0 0 0 0 0 
#qt 023433 0 0 0 0 0 0 0 0 
#qt 023434 0 0 0 0 0 0 0 0 
#qt 023441 0 0 0 0 0 0 0 0 
#qt 023442 0 0 0 0 0 0 0 0 
#qt 023443 0 0 0 0 0 0 0 0 
#qt 023444 0 0 0 0 0 0 0 0 
#qt 024111 0 0 0 0 0 0 0 0 
#qt 024112 0 0 0 0 0 0 0 0 
#qt 024113 0 0 0 0 0 0 0 0 
#qt 024114 0 0 0 0 0 0 0 0 
#qt 024121 1.53411 1.61309 1.49938 1.57312 1.95008 1.6662 1.60785 1.36915 
#qt 024122 0 0 0 0 0 0 0 0 
#qt 024123 0 0 0 0 0 0 0 0 
#qt 024124 0 0 0 0 0 0 0 0 
#qt 024131 0 0 0 0 0 0 0 0 
#qt 024132 0 0 0 0 0 0 0 0 
#qt 024133 0 0 0 0 0 0 0 0 
#qt 024134 1.26963 1.51356 1.5251 1.50421 1.96619 1.53222 1.03051 1.49773 
#qt 024141 0 0 0 0 0 0 0 0 
#qt 024142 0 0 0 0 0 0 0 0 
#qt 024143 0 0 0 0 0 0 0 0 
#qt 024144 0 0 0 0 0 0 0 0 
#qt 024211 0 0 0 0 0 0 0 0 
#qt 024212 0 0 0 0 0 0 0 0 
#qt 024213 0 0 0 0 0 0 0 0 
#qt 024214 0 0 0 0 0 0 0 0 
#qt 024221 0 0 0 0 0 0 0 0 
#qt 024222 0 0 0 0 0 0 0 0 
#qt 024223 0 0 0 0 0 0 0 0 
#qt 024224 0 0 0 0 0 0 0 0 
#qt 024231 0.996853 1.05942 0.719775 0.474083 1.39312 1.05733 1.06531 1.04899 
#qt 024232 0 0 0 0 0 0 0 0 
#qt 024233 0 0 0 0 0 0 0 0 
#qt 024234 0 0 0 0 0 0 0 0 
#qt 024241 0 0 0 0 0 0 0 0 
#qt 024242 0 0 0 0 0 0 0 0 
#qt 024243 0 0 0 0 0 0 0 0 
#qt 024244 0 0 0 0 0 0 0 0 
#qt 024311 0 0 0 0 0 0 0 0 
#qt 024312 0.172396 0.170783 0.173181 0.167527 0.169198 0.900204 0.170561 0.173324 
#qt 024313 0 0 0 0 0 0 0 0 
#qt 024314 0 0 0 0 0 0 0 0 
#qt 024321 0 0 0 0 0 0 0 0 
#qt 024322 0 0 0 0 0 0 0 0 
#qt 024323 0 0 0 0 0 0 0 0 
#qt 024324 0 0 0 0 0 0 0 0 
#qt 024331 0 0 0 0 0 0 0 0 
#qt 024332 0 0 0 0 0 0 0 0 
#qt 024333 0 0 0 0 0 0 0 0 
#qt 024334 0 0 0 0 0 0 0 0 
#qt 024341 0 0 0 0 0 0 0 0 
#qt 024342 0 0 0 0 0 0 0 0 
#qt 024343 0 0 0 0 0 0 0 0 
#qt 024344 0 0 0 0 0 0 0 0 
#qt 024411 0 0 0 0 0 0 0 0 
#qt 024412 0 0 0 0 0 0 0 0 
#qt 024413 0 0 0 0 0 0 0 0 
#qt 024414 0 0 0 0 0 0 0 0 
#qt 024421 1.02054 0.785004 0.685114 0.528195 1.57155 1.09274 1.12834 1.17759 
#qt 024422 0 0 0 0 0 0 0 0 
#qt 024423 0 0 0 0 0 0 0 0 
#qt 024424 0 0 0 0 0 0 0 0 
#qt 024431 1.53376 1.51889 1.62999 1.83729 2.86351 1.54957 1.69223 1.75801 
#qt 024432 0 0 0 0 0 0 0 0 
#qt 024433 0 0 0 0 0 0 0 0 
#qt 024434 0 0 0 0 0 0 0 0 
#qt 024441 0 0 0 0 0 0 0 0 
#qt 024442 0 0 0 0 0 0 0 0 
#qt 024443 0 0 0 0 0 0 0 0 
#qt 024444 0 0 0 0 0 0 0 0 
#qt 101111 0 0 0 0 0 0 0 0 
#qt 101112 0 0 0 0 0 0 0 0 
#qt 101113 1.15505 1.05213 1.17027 1.12199 0.997578 1.15532 2.25623 0.993184 
#qt 101114 0 0 0 0 0 0 0 0 
#qt 101121 0 0 0 0 0 0 0 0 
#qt 101122 0 0 0 0 0 0 0 0 
#qt 101123 1.19963 1.07163 1.22449 1.20603 1.00414 2.05402 1.13812 1.2492 
#qt 101124 0.169658 0.179525 0.2428 0.15468 0.185256 0.705369 0.188395 0.172019 
#qt 101131 0.172908 0.148789 0.170894 0.159411 0.182903 0.390838 0.165716 0.175214 
#qt 101132 0.158474 0.155746 0.159578 0.160614 0.160852 0.161411 0.160916 1.06188 
#qt 101133 0 0 0 0 0 0 0 0 
#qt 101134 0 0 0 0 0 0 0 0 
#qt 101141 0 0 0 0 0 0 0 0 
#qt 101142 2.63734 2.58571 2.68878 2.64214 2.64365 2.26752 3.24295 2.70267 
#qt 101143 0 0 0 0 0 0 0 0 
#qt 101144 0 0 0 0 0 0 0 0 
#qt 101211 0 0 0 0 0 0 0 0 
#qt 101212 1.25137 1.22268 1.13531 1.28783 1.38514 2.31175 1.2738 1.1861 
#qt 101213 0.1535 0.160346 0.160689 0.160716 0.146045 0.160707 0.737479 0.144538 
#qt 101214 0 0 0 0 0 0 0 0 
#qt 101221 0 0 0 0 0 0 0 0 
#qt 101222 1.14275 1.38057 1.02261 1.10941 1.31923 1.41064 2.45898 1.1168 
#qt 101223 0 0 0 0 0 0 0 0 
#qt 101224 0.12695 0.14578 0.176231 0.176205 0.176635 0.749507 0.17711 0.149691 
#qt 101231 0 0 0 0 0 0 0 0 
#qt 101232 0 0 0 0 0 0 0 0 
#qt 101233 0 0 0 0 0 0 0 0 
#qt 101234 0 0 0 0 0 0 0 0 
#qt 101241 0 0 0 0 0 0 0 0 
#qt 101242 0 0 0 0 0 0 0 0 
#qt 101243 0 0 0 0 0 0 0 0 
#qt 101244 0 0 0 0 0 0 0 0 
#qt 101311 0 0 0 0 0 0 0 0 
#qt 101312 2.77367 2.77148 2.4024 2.77044 2.73442 2.73595 3.27424 2.46715 
#qt 101313 0 0 0 0 0 0 0 0 
#qt 101314 0 0 0 0 0 0 0 0 
#qt 101321 0 0 0 0 0 0 0 0 
#qt 101322 0 0 0 0 0 0 0 0 
#qt 101323 0 0 0 0 0 0 0 0 
#qt 101324 0.184425 0.113689 0.164577 0.222801 0.162459 0.445864 1.43561 0.299864 
#qt 101331 0 0 0 0 0 0 0 0 
#qt 101332 0 0 0 0 0 0 0 0 
#qt 101333 0 0 0 0 0 0 0 0 
#qt 101334 0 0 0 0 0 0 0 0 
#qt 101341 1.12421 1.04982 1.82199 1.02942 1.17592 1.03818 0.964985 1.07739 
#qt 101342 0 0 0 0 0 0 0 0 
#qt 101343 0 0 0 0 0 0 0 0 
#qt 101344 0 0 0 0 0 0 0 0 
#qt 101411 0 0 0 0 0 0 0 0 
#qt 101412 0.483496 0.0993116 0.138767 0.280201 0.268756 1.55116 0.139201 0.197952 
#qt 101413 1.75375 1.66574 1.80483 1.76431 1.98343 1.83168 2.84279 1.8175 
#qt 101414 0 0 0 0 0 0 0 0 
#qt 101421 0 0 0 0 0 0 0 0 
#qt 101422 0 0 0 0 0 0 0 0 
#qt 101423 0 0 0 0 0 0 0 0 
#qt 101424 0 0 0 0 0 0 0 0 
#qt 101431 0 0 0 0 0 0 0 0 
#qt 101432 0 0 0 0 0 0 0 0 
#qt 101433 0 0 0 0 0 0 0 0 
#qt 101434 0 0 0 0 0 0 0 0 
#qt 101441 0.0912937 0.0751884 0.433007 0.116155 0.141963 0.0825658 0.105856 0.0747819 
#qt 101442 0 0 0 0 0 0 0 0 
#qt 101443 0.100483 0.107616 0.149178 0.165028 0.145442 0.11648 1.52597 0.130103 
#qt 101444 0 0 0 0 0 0 0 0 
#qt 102111 0 0 0 0 0 0 0 0 
#qt 102112 0 0 0 0 0 0 0 0 
#qt 102113 0 0 0 0 0 0 0 0 
#qt 102114 0.217242 0.213602 0.211216 0.212921 0.205477 0.183275 0.811746 0.214242 
#qt 102121 0 0 0 0 0 0 0 0 
#qt 102122 0 0 0 0 0 0 0 0 
#qt 102123 0 0 0 0 0 0 0 0 
#qt 102124 0.170995 0.150502 0.147157 0.168219 0.16792 0.149186 1.59419 0.163854 
#qt 102131 1.02337 1.08037 1.07432 1.26576 2.01522 1.31496 1.23685 1.1397 
#qt 102132 1.28442 1.44438 1.37974 1.35958 1.65616 1.47425 1.31059 1.38285 
#qt 102133 0 0 0 0 0 0 0 0 
#qt 102134 0 0 0 0 0 0 0 0 
#qt 102141 0.148444 0.2487 0.213232 0.158061 0.252532 0.196296 0.249978 0.109231 
#qt 102142 0 0 0 0 0 0 0 0 
#qt 102143 0 0 0 0 0 0 0 0 
#qt 102144 0 0 0 0 0 0 0 0 
#qt 102211 0 0 0 0 0 0 0 0 
#qt 102212 0 0 0 0 0 0 0 0 
#qt 102213 0.204889 0.205927 0.205808 0.18606 0.210689 0.160935 0.198255 0.401364 
#qt 102214 1.45907 1.35142 1.33597 1.393 1.46912 1.52387 2.55084 1.55 
#qt 102221 0 0 0 0 0 0 0 0 
#qt 102222 0 0 0 0 0 0 0 0 
#qt 102223 0 0 0 0 0 0 0 0 
#qt 102224 0 0 0 0 0 0 0 0 
#qt 102231 0 0 0 0 0 0 0 0 
#qt 102232 0 0 0 0 0 0 0 0 
#qt 102233 0 0 0 0 0 0 0 0 
#qt 102234 0 0 0 0 0 0 0 0 
#qt 102241 0 0 0 0 0 0 0 0 
#qt 102242 0 0 0 0 0 0 0 0 
#qt 102243 0 0 0 0 0 0 0 0 
#qt 102244 0 0 0 0 0 0 0 0 
#qt 102311 0 0 0 0 0 0 0 0 
#qt 102312 0.219504 0.193308 0.188503 0.208448 0.167428 0.184173 0.211376 1.28335 
#qt 102313 0 0 0 0 0 0 0 0 
#qt 102314 0 0 0 0 0 0 0 0 
#qt 102321 0 0 0 0 0 0 0 0 
#qt 102322 0.13854 0.119177 0.141284 0.132757 0.138448 0.135714 0.141228 0.34464 
#qt 102323 0 0 0 0 0 0 0 0 
#qt 102324 0 0 0 0 0 0 0 0 
#qt 102331 0 0 0 0 0 0 0 0 
#qt 102332 0 0 0 0 0 0 0 0 
#qt 102333 0 0 0 0 0 0 0 0 
#qt 102334 0 0 0 0 0 0 0 0 
#qt 102341 0 0 0 0 0 0 0 0 
#qt 102342 0 0 0 0 0 0 0 0 
#qt 102343 0 0 0 0 0 0 0 0 
#qt 102344 0 0 0 0 0 0 0 0 
#qt 102411 0 0 0 0 0 0 0 0 
#qt 102412 0 0 0 0 0 0 0 0 
#qt 102413 0 0 0 0 0 0 0 0 
#qt 102414 0 0 0 0 0 0 0 0 
#qt 102421 0 0 0 0 0 0 0 0 
#qt 102422 0 0 0 0 0 0 0 0 
#qt 102423 0 0 0 0 0 0 0 0 
#qt 102424 0 0 0 0 0 0 0 0 
#qt 102431 0 0 0 0 0 0 0 0 
#qt 102432 0 0 0 0 0 0 0 0 
#qt 102433 0 0 0 0 0 0 0 0 
#qt 102434 0 0 0 0 0 0 0 0 
#qt 102441 0.215228 0.177011 0.184499 0.223561 0.177105 0.137345 0.263151 0.662005 
#qt 102442 0 0 0 0 0 0 0 0 
#qt 102443 0 0 0 0 0 0 0 0 
#qt 102444 0 0 0 0 0 0 0 0 
#qt 103111 0.141619 0.141092 0.142753 0.122459 0.128876 0.14062 0.131521 0.141491 
#qt 103112 0.126533 0.127059 0.101955 0.095966 0.120233 0.122423 0.127212 0.374621 
#qt 103113 0 0 0 0 0 0 0 0 
#qt 103114 0 0 0 0 0 0 0 0 
#qt 103121 0 0 0 0 0 0 0 0 
#qt 103122 1.24063 1.12345 1.22749 0.803104 1.3163 1.30457 1.52941 1.22557 
#qt 103123 0 0 0 0 0 0 0 0 
#qt 103124 0 0 0 0 0 0 0 0 
#qt 103131 0 0 0 0 0 0 0 0 
#qt 103132 0 0 0 0 0 0 0 0 
#qt 103133 0 0 0 0 0 0 0 0 
#qt 103134 0 0 0 0 0 0 0 0 
#qt 103141 0.429578 0.181394 0.195905 0.192433 0.200687 0.19667 0.19326 0.179675 
#qt 103142 0 0 0 0 0 0 0 0 
#qt 103143 0 0 0 0 0 0 0 0 
#qt 103144 0 0 0 0 0 0 0 0 
#qt 103211 0 0 0 0 0 0 0 0 
#qt 103212 0 0 0 0 0 0 0 0 
#qt 103213 0 0 0 0 0 0 0 0 
#qt 103214 0 0 0 0 0 0 0 0 
#qt 103221 0 0 0 0 0 0 0 0 
#qt 103222 0 0 0 0 0 0 0 0 
#qt 103223 0 0 0 0 0 0 0 0 
#qt 103224 0 0 0 0 0 0 0 0 
#qt 103231 0 0 0 0 0 0 0 0 
#qt 103232 0 0 0 0 0 0 0 0 
#qt 103233 0 0 0 0 0 0 0 0 
#qt 103234 0 0 0 0 0 0 0 0 
#qt 103241 0 0 0 0 0 0 0 0 
#qt 103242 0 0 0 0 0 0 0 0 
#qt 103243 0 0 0 0 0 0 0 0 
#qt 103244 0 0 0 0 0 0 0 0 
#qt 103311 0 0 0 0 0 0 0 0 
#qt 103312 0 0 0 0 0 0 0 0 
#qt 103313 0 0 0 0 0 0 0 0 
#qt 103314 0 0 0 0 0 0 0 0 
#qt 103321 1.45664 1.51841 1.39464 1.55387 1.36176 2.47662 1.55215 1.3764 
#qt 103322 0 0 0 0 0 0 0 0 
#qt 103323 0 0 0 0 0 0 0 0 
#qt 103324 0 0 0 0 0 0 0 0 
#qt 103331 0 0 0 0 0 0 0 0 
#qt 103332 0 0 0 0 0 0 0 0 
#qt 103333 0 0 0 0 0 0 0 0 
#qt 103334 0 0 0 0 0 0 0 0 
#qt 103341 0 0 0 0 0 0 0 0 
#qt 103342 0 0 0 0 0 0 0 0 
#qt 103343 0 0 0 0 0 0 0 0 
#qt 103344 0 0 0 0 0 0 0 0 
#qt 103411 0 0 0 0 0 0 0 0 
#qt 103412 0 0 0 0 0 0 0 0 
#qt 103413 0 0 0 0 0 0 0 0 
#qt 103414 0 0 0 0 0 0 0 0 
#qt 103421 0 0 0 0 0 0 0 0 
#qt 103422 0 0 0 0 0 0 0 0 
#qt 103423 0 0 0 0 0 0 0 0 
#qt 103424 0 0 0 0 0 0 0 0 
#qt 103431 0 0 0 0 0 0 0 0 
#qt 103432 0 0 0 0 0 0 0 0 
#qt 103433 0 0 0 0 0 0 0 0 
#qt 103434 0 0 0 0 0 0 0 0 
#qt 103441 0 0 0 0 0 0 0 0 
#qt 103442 0 0 0 0 0 0 0 0 
#qt 103443 0 0 0 0 0 0 0 0 
#qt 103444 0 0 0 0 0 0 0 0 
#qt 104111 0 0 0 0 0 0 0 0 
#qt 104112 0 0 0 0 0 0 0 0 
#qt 104113 0 0 0 0 0 0 0 0 
#qt 104114 0.169474 0.154935 0.157476 0.159156 0.170384 0.162794 2.67693 0.148589 
#qt 104121 1.13571 1.10018 1.07417 1.15567 0.885149 0.802744 1.11147 1.5578 
#qt 104122 0 0 0 0 0 0 0 0 
#qt 104123 0 0 0 0 0 0 0 0 
#qt 104124 0 0 0 0 0 0 0 0 
#qt 104131 0 0 0 0 0 0 0 0 
#qt 104132 0 0 0 0 0 0 0 0 
#qt 104133 0 0 0 0 0 0 0 0 
#qt 104134 0.722147 1.33183 1.34276 1.3977 1.04494 1.24392 2.62372 1.36011 
#qt 104141 0 0 0 0 0 0 0 0 
#qt 104142 0 0 0 0 0 0 0 0 
#qt 104143 0 0 0 0 0 0 0 0 
#qt 104144 0 0 0 0 0 0 0 0 
#qt 104211 0.106585 0.112765 0.108333 0.101258 0.0704032 0.105769 0.101898 0.0892949 
#qt 104212 0 0 0 0 0 0 0 0 
#qt 104213 0 0 0 0 0 0 0 0 
#qt 104214 0 0 0 0 0 0 0 0 
#qt 104221 0 0 0 0 0 0 0 0 
#qt 104222 0 0 0 0 0 0 0 0 
#qt 104223 0 0 0 0 0 0 0 0 
#qt 104224 0 0 0 0 0 0 0 0 
#qt 104231 0.141831 0.122789 0.159608 0.143211 0.14103 0.126604 0.141483 0.120653 
#qt 104232 0 0 0 0 0 0 0 0 
#qt 104233 0 0 0 0 0 0 0 0 
#qt 104234 0 0 0 0 0 0 0 0 
#qt 104241 0 0 0 0 0 0 0 0 
#qt 104242 0 0 0 0 0 0 0 0 
#qt 104243 0 0 0 0 0 0 0 0 
#qt 104244 0 0 0 0 0 0 0 0 
#qt 104311 0 0 0 0 0 0 0 0 
#qt 104312 1.61508 1.26747 1.1766 1.26636 1.29746 1.25323 1.96586 1.35712 
#qt 104313 0 0 0 0 0 0 0 0 
#qt 104314 1.59806 1.47491 1.38192 1.80076 1.62658 1.75062 2.71781 1.72618 
#qt 104321 0 0 0 0 0 0 0 0 
#qt 104322 0 0 0 0 0 0 0 0 
#qt 104323 0 0 0 0 0 0 0 0 
#qt 104324 0 0 0 0 0 0 0 0 
#qt 104331 0 0 0 0 0 0 0 0 
#qt 104332 0 0 0 0 0 0 0 0 
#qt 104333 0 0 0 0 0 0 0 0 
#qt 104334 0 0 0 0 0 0 0 0 
#qt 104341 0 0 0 0 0 0 0 0 
#qt 104342 0 0 0 0 0 0 0 0 
#qt 104343 0 0 0 0 0 0 0 0 
#qt 104344 0 0 0 0 0 0 0 0 
#qt 104411 0 0 0 0 0 0 0 0 
#qt 104412 1.49977 1.84923 1.59847 2.06224 2.07969 1.89044 3.02512 1.64515 
#qt 104413 0 0 0 0 0 0 0 0 
#qt 104414 0 0 0 0 0 0 0 0 
#qt 104421 0.1247 0.25682 0.124182 0.124884 0.124344 0.0937884 0.108912 0.102916 
#qt 104422 0 0 0 0 0 0 0 0 
#qt 104423 0 0 0 0 0 0 0 0 
#qt 104424 0 0 0 0 0 0 0 0 
#qt 104431 0 0 0 0 0 0 0 0 
#qt 104432 0 0 0 0 0 0 0 0 
#qt 104433 0 0 0 0 0 0 0 0 
#qt 104434 0 0 0 0 0 0 0 0 
#qt 104441 0 0 0 0 0 0 0 0 
#qt 104442 0 0 0 0 0 0 0 0 
#qt 104443 0 0 0 0 0 0 0 0 
#qt 104444 0 0 0 0 0 0 0 0 
#qt 111111 0 0 0 0 0 0 0 0 
#qt 111112 0 0 0 0 0 0 0 0 
#qt 111113 0 0 0 0 0 0 0 0 
#qt 111114 0 0 0 0 0 0 0 0 
#qt 111121 0 0 0 0 0 0 0 0 
#qt 111122 0 0 0 0 0 0 0 0 
#qt 111123 1.34807 1.31248 1.28776 1.27147 1.14706 1.28782 2.03072 1.28971 
#qt 111124 0 0 0 0 0 0 0 0 
#qt 111131 0.218672 0.228481 0.201469 0.171872 0.232545 0.234488 0.226819 0.211142 
#qt 111132 0.217042 0.206633 0.202136 0.221986 0.21906 0.221529 0.219074 1.58228 
#qt 111133 0 0 0 0 0 0 0 0 
#qt 111134 0 0 0 0 0 0 0 0 
#qt 111141 0 0 0 0 0 0 0 0 
#qt 111142 0 0 0 0 0 0 0 0 
#qt 111143 0 0 0 0 0 0 0 0 
#qt 111144 0 0 0 0 0 0 0 0 
#qt 111211 0 0 0 0 0 0 0 0 
#qt 111212 0 0 0 0 0 0 0 0 
#qt 111213 0.175525 0.41609 0.179581 0.179771 0.169734 0.155777 0.179203 0.17921 
#qt 111214 0 0 0 0 0 0 0 0 
#qt 111221 0 0 0 0 0 0 0 0 
#qt 111222 1.57542 1.43167 1.40825 1.39203 1.44959 1.61339 2.25787 1.71357 
#qt 111223 0 0 0 0 0 0 0 0 
#qt 111224 0 0 0 0 0 0 0 0 
#qt 111231 0 0 0 0 0 0 0 0 
#qt 111232 0 0 0 0 0 0 0 0 
#qt 111233 0 0 0 0 0 0 0 0 
#qt 111234 0 0 0 0 0 0 0 0 
#qt 111241 0 0 0 0 0 0 0 0 
#qt 111242 0 0 0 0 0 0 0 0 
#qt 111243 0 0 0 0 0 0 0 0 
#qt 111244 0 0 0 0 0 0 0 0 
#qt 111311 0 0 0 0 0 0 0 0 
#qt 111312 1.26252 1.29672 0.755923 1.09315 1.13433 1.14091 1.09431 1.77394 
#qt 111313 0 0 0 0 0 0 0 0 
#qt 111314 0 0 0 0 0 0 0 0 
#qt 111321 0 0 0 0 0 0 0 0 
#qt 111322 0 0 0 0 0 0 0 0 
#qt 111323 0 0 0 0 0 0 0 0 
#qt 111324 0 0 0 0 0 0 0 0 
#qt 111331 0 0 0 0 0 0 0 0 
#qt 111332 0 0 0 0 0 0 0 0 
#qt 111333 0 0 0 0 0 0 0 0 
#qt 111334 0 0 0 0 0 0 0 0 
#qt 111341 0 0 0 0 0 0 0 0 
#qt 111342 0 0 0 0 0 0 0 0 
#qt 111343 0 0 0 0 0 0 0 0 
#qt 111344 0 0 0 0 0 0 0 0 
#qt 111411 0 0 0 0 0 0 0 0 
#qt 111412 0 0 0 0 0 0 0 0 
#qt 111413 1.99448 1.67216 1.66435 1.8873 1.78688 1.99408 1.9507 2.87268 
#qt 111414 0 0 0 0 0 0 0 0 
#qt 111421 0 0 0 0 0 0 0 0 
#qt 111422 0 0 0 0 0 0 0 0 
#qt 111423 0 0 0 0 0 0 0 0 
#qt 111424 0 0 0 0 0 0 0 0 
#qt 111431 0 0 0 0 0 0 0 0 
#qt 111432 0 0 0 0 0 0 0 0 
#qt 111433 0 0 0 0 0 0 0 0 
#qt 111434 0 0 0 0 0 0 0 0 
#qt 111441 0 0 0 0 0 0 0 0 
#qt 111442 0 0 0 0 0 0 0 0 
#qt 111443 0 0 0 0 0 0 0 0 
#qt 111444 0 0 0 0 0 0 0 0 
#qt 112111 0 0 0 0 0 0 0 0 
#qt 112112 0 0 0 0 0 0 0 0 
#qt 112113 0 0 0 0 0 0 0 0 
#qt 112114 0.191739 0.154928 0.164303 0.218618 0.18398 0.195778 0.807178 0.41217 
#qt 112121 0 0 0 0 0 0 0 0 
#qt 112122 0 0 0 0 0 0 0 0 
#qt 112123 0 0 0 0 0 0 0 0 
#qt 112124 0.198686 0.171089 0.17131 0.177617 0.186846 0.189615 0.186819 0.167328 
#qt 112131 1.08736 1.22435 1.09852 1.42254 2.04992 1.31503 1.24068 1.21621 
#qt 112132 2.76596 2.74804 2.76413 2.78726 2.27327 1.97587 2.62628 3.25851 
#qt 112133 0 0 0 0 0 0 0 0 
#qt 112134 0 0 0 0 0 0 0 0 
#qt 112141 0.220458 0.178541 0.176383 0.169977 0.292749 0.117752 0.295864 0.174994 
#qt 112142 0 0 0 0 0 0 0 0 
#qt 112143 0 0 0 0 0 0 0 0 
#qt 112144 0 0 0 0 0 0 0 0 
#qt 112211 0 0 0 0 0 0 0 0 
#qt 112212 0 0 0 0 0 0 0 0 
#qt 112213 0.179383 0.184866 0.203115 0.182458 0.295545 0.15261 1.01992 0.3794 
#qt 112214 1.36313 1.35509 1.34823 1.32499 1.39545 1.55341 1.38063 2.4161 
#qt 112221 0 0 0 0 0 0 0 0 
#qt 112222 0 0 0 0 0 0 0 0 
#qt 112223 0 0 0 0 0 0 0 0 
#qt 112224 0 0 0 0 0 0 0 0 
#qt 112231 0 0 0 0 0 0 0 0 
#qt 112232 0 0 0 0 0 0 0 0 
#qt 112233 0 0 0 0 0 0 0 0 
#qt 112234 0 0 0 0 0 0 0 0 
#qt 112241 0 0 0 0 0 0 0 0 
#qt 112242 0 0 0 0 0 0 0 0 
#qt 112243 0 0 0 0 0 0 0 0 
#qt 112244 0 0 0 0 0 0 0 0 
#qt 112311 0 0 0 0 0 0 0 0 
#qt 112312 1.08174 0.18077 0.23964 0.15801 0.127035 0.423078 0.173078 0.172179 
#qt 112313 0 0 0 0 0 0 0 0 
#qt 112314 0 0 0 0 0 0 0 0 
#qt 112321 0 0 0 0 0 0 0 0 
#qt 112322 0.164372 0.154221 0.164027 0.161823 0.165921 0.166475 0.164921 0.44209 
#qt 112323 0 0 0 0 0 0 0 0 
#qt 112324 0 0 0 0 0 0 0 0 
#qt 112331 0 0 0 0 0 0 0 0 
#qt 112332 0 0 0 0 0 0 0 0 
#qt 112333 0 0 0 0 0 0 0 0 
#qt 112334 0 0 0 0 0 0 0 0 
#qt 112341 0 0 0 0 0 0 0 0 
#qt 112342 0 0 0 0 0 0 0 0 
#qt 112343 0 0 0 0 0 0 0 0 
#qt 112344 0 0 0 0 0 0 0 0 
#qt 112411 0 0 0 0 0 0 0 0 
#qt 112412 0 0 0 0 0 0 0 0 
#qt 112413 0 0 0 0 0 0 0 0 
#qt 112414 0 0 0 0 0 0 0 0 
#qt 112421 0 0 0 0 0 0 0 0 
#qt 112422 0 0 0 0 0 0 0 0 
#qt 112423 0 0 0 0 0 0 0 0 
#qt 112424 0 0 0 0 0 0 0 0 
#qt 112431 0 0 0 0 0 0 0 0 
#qt 112432 0 0 0 0 0 0 0 0 
#qt 112433 0 0 0 0 0 0 0 0 
#qt 112434 0 0 0 0 0 0 0 0 
#qt 112441 0.171836 0.161596 0.224292 0.677976 0.151288 0.283949 0.275617 1.64749 
#qt 112442 0 0 0 0 0 0 0 0 
#qt 112443 0 0 0 0 0 0 0 0 
#qt 112444 0 0 0 0 0 0 0 0 
#qt 113111 0.413958 0.153582 0.176526 0.165425 0.164313 0.169181 0.165023 0.176785 
#qt 113112 0.14194 0.146425 0.143385 0.136395 0.124359 0.141071 0.496041 0.146592 
#qt 113113 0 0 0 0 0 0 0 0 
#qt 113114 0 0 0 0 0 0 0 0 
#qt 113121 0 0 0 0 0 0 0 0 
#qt 113122 1.77172 1.35857 1.86692 0.984109 1.50486 1.4737 1.69679 2.01355 
#qt 113123 0 0 0 0 0 0 0 0 
#qt 113124 0 0 0 0 0 0 0 0 
#qt 113131 0 0 0 0 0 0 0 0 
#qt 113132 0 0 0 0 0 0 0 0 
#qt 113133 0 0 0 0 0 0 0 0 
#qt 113134 0 0 0 0 0 0 0 0 
#qt 113141 0.276144 0.749082 0.263559 0.272606 0.276234 0.252768 0.256109 0.266181 
#qt 113142 0 0 0 0 0 0 0 0 
#qt 113143 0 0 0 0 0 0 0 0 
#qt 113144 0 0 0 0 0 0 0 0 
#qt 113211 0 0 0 0 0 0 0 0 
#qt 113212 0 0 0 0 0 0 0 0 
#qt 113213 0 0 0 0 0 0 0 0 
#qt 113214 0 0 0 0 0 0 0 0 
#qt 113221 0 0 0 0 0 0 0 0 
#qt 113222 0 0 0 0 0 0 0 0 
#qt 113223 0 0 0 0 0 0 0 0 
#qt 113224 0 0 0 0 0 0 0 0 
#qt 113231 0 0 0 0 0 0 0 0 
#qt 113232 0 0 0 0 0 0 0 0 
#qt 113233 0 0 0 0 0 0 0 0 
#qt 113234 0 0 0 0 0 0 0 0 
#qt 113241 0 0 0 0 0 0 0 0 
#qt 113242 0 0 0 0 0 0 0 0 
#qt 113243 0 0 0 0 0 0 0 0 
#qt 113244 0 0 0 0 0 0 0 0 
#qt 113311 0 0 0 0 0 0 0 0 
#qt 113312 0 0 0 0 0 0 0 0 
#qt 113313 0 0 0 0 0 0 0 0 
#qt 113314 0 0 0 0 0 0 0 0 
#qt 113321 1.22256 1.64981 1.53932 1.7075 1.59329 2.29408 1.71117 1.70482 
#qt 113322 0 0 0 0 0 0 0 0 
#qt 113323 0 0 0 0 0 0 0 0 
#qt 113324 0 0 0 0 0 0 0 0 
#qt 113331 0 0 0 0 0 0 0 0 
#qt 113332 0 0 0 0 0 0 0 0 
#qt 113333 0 0 0 0 0 0 0 0 
#qt 113334 0 0 0 0 0 0 0 0 
#qt 113341 0 0 0 0 0 0 0 0 
#qt 113342 0 0 0 0 0 0 0 0 
#qt 113343 0 0 0 0 0 0 0 0 
#qt 113344 0 0 0 0 0 0 0 0 
#qt 113411 0 0 0 0 0 0 0 0 
#qt 113412 0 0 0 0 0 0 0 0 
#qt 113413 0 0 0 0 0 0 0 0 
#qt 113414 0 0 0 0 0 0 0 0 
#qt 113421 0 0 0 0 0 0 0 0 
#qt 113422 0 0 0 0 0 0 0 0 
#qt 113423 0 0 0 0 0 0 0 0 
#qt 113424 0 0 0 0 0 0 0 0 
#qt 113431 0 0 0 0 0 0 0 0 
#qt 113432 0 0 0 0 0 0 0 0 
#qt 113433 0 0 0 0 0 0 0 0 
#qt 113434 0 0 0 0 0 0 0 0 
#qt 113441 0 0 0 0 0 0 0 0 
#qt 113442 0 0 0 0 0 0 0 0 
#qt 113443 0 0 0 0 0 0 0 0 
#qt 113444 0 0 0 0 0 0 0 0 
#qt 114111 0 0 0 0 0 0 0 0 
#qt 114112 0 0 0 0 0 0 0 0 
#qt 114113 0 0 0 0 0 0 0 0 
#qt 114114 0.97002 0.243859 0.234805 0.527246 0.229119 0.247714 0.319736 0.254721 
#qt 114121 1.7996 0.211394 0.237017 0.209024 0.251777 0.227654 0.234232 0.231948 
#qt 114122 0 0 0 0 0 0 0 0 
#qt 114123 0 0 0 0 0 0 0 0 
#qt 114124 0 0 0 0 0 0 0 0 
#qt 114131 0 0 0 0 0 0 0 0 
#qt 114132 0 0 0 0 0 0 0 0 
#qt 114133 0 0 0 0 0 0 0 0 
#qt 114134 0.255358 0.236506 0.251314 0.241363 0.232212 0.234918 0.255361 0.253419 
#qt 114141 0 0 0 0 0 0 0 0 
#qt 114142 0 0 0 0 0 0 0 0 
#qt 114143 0 0 0 0 0 0 0 0 
#qt 114144 0 0 0 0 0 0 0 0 
#qt 114211 0.136708 0.131146 0.133574 0.130057 0.129445 0.133474 0.116805 0.129149 
#qt 114212 0 0 0 0 0 0 0 0 
#qt 114213 0 0 0 0 0 0 0 0 
#qt 114214 0 0 0 0 0 0 0 0 
#qt 114221 0 0 0 0 0 0 0 0 
#qt 114222 0 0 0 0 0 0 0 0 
#qt 114223 0 0 0 0 0 0 0 0 
#qt 114224 0 0 0 0 0 0 0 0 
#qt 114231 0.246578 0.191093 0.206106 0.208198 0.206072 0.203698 0.187691 0.171489 
#qt 114232 0 0 0 0 0 0 0 0 
#qt 114233 0 0 0 0 0 0 0 0 
#qt 114234 0 0 0 0 0 0 0 0 
#qt 114241 0 0 0 0 0 0 0 0 
#qt 114242 0 0 0 0 0 0 0 0 
#qt 114243 0 0 0 0 0 0 0 0 
#qt 114244 0 0 0 0 0 0 0 0 
#qt 114311 0 0 0 0 0 0 0 0 
#qt 114312 1.39407 1.41768 0.794666 1.45412 1.44662 1.21459 1.51466 1.60705 
#qt 114313 0 0 0 0 0 0 0 0 
#qt 114314 1.38087 1.5247 1.22214 1.45297 1.50042 1.34331 2.31279 1.42727 
#qt 114321 0 0 0 0 0 0 0 0 
#qt 114322 0 0 0 0 0 0 0 0 
#qt 114323 0 0 0 0 0 0 0 0 
#qt 114324 0 0 0 0 0 0 0 0 
#qt 114331 0 0 0 0 0 0 0 0 
#qt 114332 0 0 0 0 0 0 0 0 
#qt 114333 0 0 0 0 0 0 0 0 
#qt 114334 0 0 0 0 0 0 0 0 
#qt 114341 0 0 0 0 0 0 0 0 
#qt 114342 0 0 0 0 0 0 0 0 
#qt 114343 0 0 0 0 0 0 0 0 
#qt 114344 0 0 0 0 0 0 0 0 
#qt 114411 0 0 0 0 0 0 0 0 
#qt 114412 1.6169 1.80737 1.36625 1.49315 1.45308 1.48189 1.51595 2.55042 
#qt 114413 0 0 0 0 0 0 0 0 
#qt 114414 0 0 0 0 0 0 0 0 
#qt 114421 0.152439 0.150659 0.149768 0.151106 0.149895 0.149577 0.137165 0.131937 
#qt 114422 0 0 0 0 0 0 0 0 
#qt 114423 0 0 0 0 0 0 0 0 
#qt 114424 0 0 0 0 0 0 0 0 
#qt 114431 0 0 0 0 0 0 0 0 
#qt 114432 0 0 0 0 0 0 0 0 
#qt 114433 0 0 0 0 0 0 0 0 
#qt 114434 0 0 0 0 0 0 0 0 
#qt 114441 0 0 0 0 0 0 0 0 
#qt 114442 0 0 0 0 0 0 0 0 
#qt 114443 0 0 0 0 0 0 0 0 
#qt 114444 0 0 0 0 0 0 0 0 
#qt 121111 0 0 0 0 0 0 0 0 
#qt 121112 0 0 0 0 0 0 0 0 
#qt 121113 1.26652 1.13137 1.13313 1.20814 1.13267 1.02615 1.88139 1.16803 
#qt 121114 0 0 0 0 0 0 0 0 
#qt 121121 0 0 0 0 0 0 0 0 
#qt 121122 0 0 0 0 0 0 0 0 
#qt 121123 1.12354 1.24871 1.27576 1.29049 1.39017 1.33188 2.14773 1.27588 
#qt 121124 0.139864 0.127256 0.121906 0.125607 0.136336 0.144196 0.138551 0.119854 
#qt 121131 0.151957 0.150769 0.138175 0.136763 0.155663 0.179878 0.1496 0.141438 
#qt 121132 0.124602 0.128135 0.135833 0.133826 0.132691 0.135217 0.136242 0.133867 
#qt 121133 0 0 0 0 0 0 0 0 
#qt 121134 0 0 0 0 0 0 0 0 
#qt 121141 0 0 0 0 0 0 0 0 
#qt 121142 1.22238 1.20062 1.2025 1.19714 1.28386 1.46173 1.27358 1.15573 
#qt 121143 0 0 0 0 0 0 0 0 
#qt 121144 0 0 0 0 0 0 0 0 
#qt 121211 0 0 0 0 0 0 0 0 
#qt 121212 1.46045 1.41274 1.13666 1.48665 1.27722 2.08898 1.35669 1.2852 
#qt 121213 0.136475 0.142236 0.142974 0.142034 0.128602 0.126519 0.447772 0.137269 
#qt 121214 0 0 0 0 0 0 0 0 
#qt 121221 0 0 0 0 0 0 0 0 
#qt 121222 1.39895 1.55708 1.37742 1.35774 1.42942 2.49216 1.50187 1.51686 
#qt 121223 0 0 0 0 0 0 0 0 
#qt 121224 0.135526 0.151631 0.149702 0.147792 0.151443 0.149882 0.14776 0.136685 
#qt 121231 0 0 0 0 0 0 0 0 
#qt 121232 0 0 0 0 0 0 0 0 
#qt 121233 0 0 0 0 0 0 0 0 
#qt 121234 0 0 0 0 0 0 0 0 
#qt 121241 0 0 0 0 0 0 0 0 
#qt 121242 0 0 0 0 0 0 0 0 
#qt 121243 0 0 0 0 0 0 0 0 
#qt 121244 0 0 0 0 0 0 0 0 
#qt 121311 0 0 0 0 0 0 0 0 
#qt 121312 0 0 0 0 0 0 0 0 
#qt 121313 0 0 0 0 0 0 0 0 
#qt 121314 0 0 0 0 0 0 0 0 
#qt 121321 0 0 0 0 0 0 0 0 
#qt 121322 0 0 0 0 0 0 0 0 
#qt 121323 0 0 0 0 0 0 0 0 
#qt 121324 0.152732 0.170278 0.169058 0.173672 0.166641 0.171909 0.174192 0.15661 
#qt 121331 0 0 0 0 0 0 0 0 
#qt 121332 0 0 0 0 0 0 0 0 
#qt 121333 0 0 0 0 0 0 0 0 
#qt 121334 0 0 0 0 0 0 0 0 
#qt 121341 1.04767 0.987559 1.10113 1.02851 1.9155 1.01535 1.26844 1.08197 
#qt 121342 0 0 0 0 0 0 0 0 
#qt 121343 0 0 0 0 0 0 0 0 
#qt 121344 0 0 0 0 0 0 0 0 
#qt 121411 0 0 0 0 0 0 0 0 
#qt 121412 0.150119 0.151164 0.158567 0.159418 0.140042 0.157287 0.15735 0.152771 
#qt 121413 0 0 0 0 0 0 0 0 
#qt 121414 0 0 0 0 0 0 0 0 
#qt 121421 0 0 0 0 0 0 0 0 
#qt 121422 0 0 0 0 0 0 0 0 
#qt 121423 0 0 0 0 0 0 0 0 
#qt 121424 0 0 0 0 0 0 0 0 
#qt 121431 0 0 0 0 0 0 0 0 
#qt 121432 0 0 0 0 0 0 0 0 
#qt 121433 0 0 0 0 0 0 0 0 
#qt 121434 0 0 0 0 0 0 0 0 
#qt 121441 0.141626 0.12681 0.153697 0.135011 0.148794 0.149616 0.146649 0.143955 
#qt 121442 0 0 0 0 0 0 0 0 
#qt 121443 0.166885 0.156102 0.166434 0.167527 0.165662 0.145006 0.167454 0.162729 
#qt 121444 0 0 0 0 0 0 0 0 
#qt 122111 0 0 0 0 0 0 0 0 
#qt 122112 0 0 0 0 0 0 0 0 
#qt 122113 0 0 0 0 0 0 0 0 
#qt 122114 0.128553 0.112745 0.119583 0.118091 0.114127 0.108583 0.148223 0.128179 
#qt 122121 0 0 0 0 0 0 0 0 
#qt 122122 0 0 0 0 0 0 0 0 
#qt 122123 0 0 0 0 0 0 0 0 
#qt 122124 0.153194 0.137672 0.139269 0.139358 0.151761 0.137343 0.193383 0.153407 
#qt 122131 1.19331 1.31771 1.57887 1.43452 2.271 1.34372 1.42459 1.48478 
#qt 122132 1.2335 1.2397 1.22331 1.17979 1.37213 1.61008 1.38065 1.26732 
#qt 122133 0 0 0 0 0 0 0 0 
#qt 122134 0 0 0 0 0 0 0 0 
#qt 122141 0.145083 0.144955 0.14136 0.140127 0.151234 0.125136 0.142248 0.141749 
#qt 122142 0 0 0 0 0 0 0 0 
#qt 122143 0 0 0 0 0 0 0 0 
#qt 122144 0 0 0 0 0 0 0 0 
#qt 122211 0 0 0 0 0 0 0 0 
#qt 122212 0 0 0 0 0 0 0 0 
#qt 122213 0.138409 0.134905 0.138011 0.124474 0.124042 0.117781 0.168208 0.138071 
#qt 122214 0 0 0 0 0 0 0 0 
#qt 122221 0 0 0 0 0 0 0 0 
#qt 122222 0 0 0 0 0 0 0 0 
#qt 122223 0 0 0 0 0 0 0 0 
#qt 122224 0 0 0 0 0 0 0 0 
#qt 122231 0 0 0 0 0 0 0 0 
#qt 122232 0 0 0 0 0 0 0 0 
#qt 122233 0 0 0 0 0 0 0 0 
#qt 122234 0 0 0 0 0 0 0 0 
#qt 122241 0 0 0 0 0 0 0 0 
#qt 122242 0 0 0 0 0 0 0 0 
#qt 122243 0 0 0 0 0 0 0 0 
#qt 122244 0 0 0 0 0 0 0 0 
#qt 122311 0 0 0 0 0 0 0 0 
#qt 122312 0.159603 0.159647 0.157217 0.14953 0.14898 0.156428 0.901847 0.159995 
#qt 122313 0 0 0 0 0 0 0 0 
#qt 122314 0 0 0 0 0 0 0 0 
#qt 122321 0 0 0 0 0 0 0 0 
#qt 122322 0.129491 0.106336 0.128033 0.0894498 0.130222 0.129414 0.130221 0.9488 
#qt 122323 0 0 0 0 0 0 0 0 
#qt 122324 0 0 0 0 0 0 0 0 
#qt 122331 0 0 0 0 0 0 0 0 
#qt 122332 0 0 0 0 0 0 0 0 
#qt 122333 0 0 0 0 0 0 0 0 
#qt 122334 0 0 0 0 0 0 0 0 
#qt 122341 0 0 0 0 0 0 0 0 
#qt 122342 0 0 0 0 0 0 0 0 
#qt 122343 0 0 0 0 0 0 0 0 
#qt 122344 0 0 0 0 0 0 0 0 
#qt 122411 0 0 0 0 0 0 0 0 
#qt 122412 0 0 0 0 0 0 0 0 
#qt 122413 0 0 0 0 0 0 0 0 
#qt 122414 0 0 0 0 0 0 0 0 
#qt 122421 0 0 0 0 0 0 0 0 
#qt 122422 0 0 0 0 0 0 0 0 
#qt 122423 0 0 0 0 0 0 0 0 
#qt 122424 0 0 0 0 0 0 0 0 
#qt 122431 0 0 0 0 0 0 0 0 
#qt 122432 0 0 0 0 0 0 0 0 
#qt 122433 0 0 0 0 0 0 0 0 
#qt 122434 0 0 0 0 0 0 0 0 
#qt 122441 0.148714 0.149324 0.148927 0.148698 0.149337 0.131837 0.144509 0.149035 
#qt 122442 0 0 0 0 0 0 0 0 
#qt 122443 0 0 0 0 0 0 0 0 
#qt 122444 0 0 0 0 0 0 0 0 
#qt 123111 0 0 0 0 0 0 0 0 
#qt 123112 0 0 0 0 0 0 0 0 
#qt 123113 0 0 0 0 0 0 0 0 
#qt 123114 0 0 0 0 0 0 0 0 
#qt 123121 0 0 0 0 0 0 0 0 
#qt 123122 1.28815 1.60388 1.55915 1.26649 1.60204 2.40812 1.46018 1.35332 
#qt 123123 0 0 0 0 0 0 0 0 
#qt 123124 0 0 0 0 0 0 0 0 
#qt 123131 0 0 0 0 0 0 0 0 
#qt 123132 0 0 0 0 0 0 0 0 
#qt 123133 0 0 0 0 0 0 0 0 
#qt 123134 0 0 0 0 0 0 0 0 
#qt 123141 0.130048 0.127732 0.1117 0.126647 0.132556 0.120859 0.115162 0.123392 
#qt 123142 0 0 0 0 0 0 0 0 
#qt 123143 0 0 0 0 0 0 0 0 
#qt 123144 0 0 0 0 0 0 0 0 
#qt 123211 0 0 0 0 0 0 0 0 
#qt 123212 0 0 0 0 0 0 0 0 
#qt 123213 0 0 0 0 0 0 0 0 
#qt 123214 0 0 0 0 0 0 0 0 
#qt 123221 0 0 0 0 0 0 0 0 
#qt 123222 0 0 0 0 0 0 0 0 
#qt 123223 0 0 0 0 0 0 0 0 
#qt 123224 0 0 0 0 0 0 0 0 
#qt 123231 0 0 0 0 0 0 0 0 
#qt 123232 0 0 0 0 0 0 0 0 
#qt 123233 0 0 0 0 0 0 0 0 
#qt 123234 0 0 0 0 0 0 0 0 
#qt 123241 0 0 0 0 0 0 0 0 
#qt 123242 0 0 0 0 0 0 0 0 
#qt 123243 0 0 0 0 0 0 0 0 
#qt 123244 0 0 0 0 0 0 0 0 
#qt 123311 0 0 0 0 0 0 0 0 
#qt 123312 0 0 0 0 0 0 0 0 
#qt 123313 0 0 0 0 0 0 0 0 
#qt 123314 0 0 0 0 0 0 0 0 
#qt 123321 1.36713 1.64143 1.46975 1.62108 1.729 2.64059 1.44192 1.74299 
#qt 123322 0 0 0 0 0 0 0 0 
#qt 123323 0 0 0 0 0 0 0 0 
#qt 123324 0 0 0 0 0 0 0 0 
#qt 123331 0 0 0 0 0 0 0 0 
#qt 123332 0 0 0 0 0 0 0 0 
#qt 123333 0 0 0 0 0 0 0 0 
#qt 123334 0 0 0 0 0 0 0 0 
#qt 123341 0 0 0 0 0 0 0 0 
#qt 123342 0 0 0 0 0 0 0 0 
#qt 123343 0 0 0 0 0 0 0 0 
#qt 123344 0 0 0 0 0 0 0 0 
#qt 123411 0 0 0 0 0 0 0 0 
#qt 123412 0 0 0 0 0 0 0 0 
#qt 123413 0 0 0 0 0 0 0 0 
#qt 123414 0 0 0 0 0 0 0 0 
#qt 123421 0 0 0 0 0 0 0 0 
#qt 123422 0 0 0 0 0 0 0 0 
#qt 123423 0 0 0 0 0 0 0 0 
#qt 123424 0 0 0 0 0 0 0 0 
#qt 123431 0 0 0 0 0 0 0 0 
#qt 123432 0 0 0 0 0 0 0 0 
#qt 123433 0 0 0 0 0 0 0 0 
#qt 123434 0 0 0 0 0 0 0 0 
#qt 123441 0 0 0 0 0 0 0 0 
#qt 123442 0 0 0 0 0 0 0 0 
#qt 123443 0 0 0 0 0 0 0 0 
#qt 123444 0 0 0 0 0 0 0 0 
#qt 124111 0 0 0 0 0 0 0 0 
#qt 124112 0 0 0 0 0 0 0 0 
#qt 124113 0 0 0 0 0 0 0 0 
#qt 124114 0 0 0 0 0 0 0 0 
#qt 124121 0.182496 0.17923 0.169538 0.16491 2.09206 0.179329 0.167626 0.181062 
#qt 124122 0 0 0 0 0 0 0 0 
#qt 124123 0 0 0 0 0 0 0 0 
#qt 124124 0 0 0 0 0 0 0 0 
#qt 124131 0 0 0 0 0 0 0 0 
#qt 124132 0 0 0 0 0 0 0 0 
#qt 124133 0 0 0 0 0 0 0 0 
#qt 124134 0.185246 0.192741 0.188919 0.182158 0.195993 0.173168 0.903043 0.183769 
#qt 124141 0 0 0 0 0 0 0 0 
#qt 124142 0 0 0 0 0 0 0 0 
#qt 124143 0 0 0 0 0 0 0 0 
#qt 124144 0 0 0 0 0 0 0 0 
#qt 124211 0 0 0 0 0 0 0 0 
#qt 124212 0 0 0 0 0 0 0 0 
#qt 124213 0 0 0 0 0 0 0 0 
#qt 124214 0 0 0 0 0 0 0 0 
#qt 124221 0 0 0 0 0 0 0 0 
#qt 124222 0 0 0 0 0 0 0 0 
#qt 124223 0 0 0 0 0 0 0 0 
#qt 124224 0 0 0 0 0 0 0 0 
#qt 124231 0.120837 0.0956138 0.12289 0.11829 0.12934 0.110747 0.0920832 0.107881 
#qt 124232 0 0 0 0 0 0 0 0 
#qt 124233 0 0 0 0 0 0 0 0 
#qt 124234 0 0 0 0 0 0 0 0 
#qt 124241 0 0 0 0 0 0 0 0 
#qt 124242 0 0 0 0 0 0 0 0 
#qt 124243 0 0 0 0 0 0 0 0 
#qt 124244 0 0 0 0 0 0 0 0 
#qt 124311 0 0 0 0 0 0 0 0 
#qt 124312 1.55789 1.60992 1.21937 1.73468 1.63822 2.36002 1.61968 1.46368 
#qt 124313 0 0 0 0 0 0 0 0 
#qt 124314 0 0 0 0 0 0 0 0 
#qt 124321 0 0 0 0 0 0 0 0 
#qt 124322 0 0 0 0 0 0 0 0 
#qt 124323 0 0 0 0 0 0 0 0 
#qt 124324 0 0 0 0 0 0 0 0 
#qt 124331 0 0 0 0 0 0 0 0 
#qt 124332 0 0 0 0 0 0 0 0 
#qt 124333 0 0 0 0 0 0 0 0 
#qt 124334 0 0 0 0 0 0 0 0 
#qt 124341 0 0 0 0 0 0 0 0 
#qt 124342 0 0 0 0 0 0 0 0 
#qt 124343 0 0 0 0 0 0 0 0 
#qt 124344 0 0 0 0 0 0 0 0 
#qt 124411 0 0 0 0 0 0 0 0 
#qt 124412 0 0 0 0 0 0 0 0 
#qt 124413 0 0 0 0 0 0 0 0 
#qt 124414 0 0 0 0 0 0 0 0 
#qt 124421 0.113731 0.115304 0.114609 0.114931 0.121489 0.0889943 0.102278 0.0935018 
#qt 124422 0 0 0 0 0 0 0 0 
#qt 124423 0 0 0 0 0 0 0 0 
#qt 124424 0 0 0 0 0 0 0 0 
#qt 124431 0 0 0 0 0 0 0 0 
#qt 124432 0 0 0 0 0 0 0 0 
#qt 124433 0 0 0 0 0 0 0 0 
#qt 124434 0 0 0 0 0 0 0 0 
#qt 124441 0 0 0 0 0 0 0 0 
#qt 124442 0 0 0 0 0 0 0 0 
#qt 124443 0 0 0 0 0 0 0 0 
#qt 124444 0 0 0 0 0 0 0 0 
#qt 201111 0 0 0 0 0 0 0 0 
#qt 201112 0 0 0 0 0 0 0 0 
#qt 201113 0 0 0 0 0 0 0 0 
#qt 201114 0 0 0 0 0 0 0 0 
#qt 201121 0 0 0 0 0 0 0 0 
#qt 201122 0 0 0 0 0 0 0 0 
#qt 201123 0 0 0 0 0 0 0 0 
#qt 201124 0 0 0 0 0 0 0 0 
#qt 201131 0 0 0 0 0 0 0 0 
#qt 201132 0.157645 0.170142 0.147713 0.230907 0.167456 0.170321 0.167953 0.166838 
#qt 201133 0 0 0 0 0 0 0 0 
#qt 201134 0 0 0 0 0 0 0 0 
#qt 201141 0 0 0 0 0 0 0 0 
#qt 201142 0.498768 0.496228 0.481656 0.492971 0.512193 0.510609 0.50861 0.502132 
#qt 201143 0 0 0 0 0 0 0 0 
#qt 201144 0 0 0 0 0 0 0 0 
#qt 201211 0 0 0 0 0 0 0 0 
#qt 201212 2.35932 2.09051 3.20887 2.31428 1.95797 1.62596 1.66493 2.10212 
#qt 201213 0.091341 0.1106 0.109542 0.0901352 0.101905 0.099831 0.110314 0.0899399 
#qt 201214 0 0 0 0 0 0 0 0 
#qt 201221 0 0 0 0 0 0 0 0 
#qt 201222 2.12763 1.90387 3.18497 1.39553 1.62859 1.55494 1.7203 1.723 
#qt 201223 0 0 0 0 0 0 0 0 
#qt 201224 1.22813 1.3059 1.80893 1.23642 1.13275 1.20319 1.14144 1.20786 
#qt 201231 0 0 0 0 0 0 0 0 
#qt 201232 0 0 0 0 0 0 0 0 
#qt 201233 0 0 0 0 0 0 0 0 
#qt 201234 0 0 0 0 0 0 0 0 
#qt 201241 0.527921 0.526391 0.527132 0.524306 0.531288 0.531286 0.520712 0.495876 
#qt 201242 0 0 0 0 0 0 0 0 
#qt 201243 0 0 0 0 0 0 0 0 
#qt 201244 0 0 0 0 0 0 0 0 
#qt 201311 0 0 0 0 0 0 0 0 
#qt 201312 0.110585 0.118211 0.125637 0.121141 0.106586 0.125135 0.126253 0.118641 
#qt 201313 0 0 0 0 0 0 0 0 
#qt 201314 0 0 0 0 0 0 0 0 
#qt 201321 0 0 0 0 0 0 0 0 
#qt 201322 0 0 0 0 0 0 0 0 
#qt 201323 0 0 0 0 0 0 0 0 
#qt 201324 1.16185 1.10063 1.63005 1.09817 1.13439 1.00494 0.991388 1.19733 
#qt 201331 0 0 0 0 0 0 0 0 
#qt 201332 0 0 0 0 0 0 0 0 
#qt 201333 0 0 0 0 0 0 0 0 
#qt 201334 0 0 0 0 0 0 0 0 
#qt 201341 1.45505 1.51806 2.79713 1.48182 1.52386 1.46137 1.35784 1.41732 
#qt 201342 0 0 0 0 0 0 0 0 
#qt 201343 0 0 0 0 0 0 0 0 
#qt 201344 0 0 0 0 0 0 0 0 
#qt 201411 0 0 0 0 0 0 0 0 
#qt 201412 0.9666 0.961197 1.28071 1.09144 0.973477 0.905596 0.910449 0.992774 
#qt 201413 1.64858 1.62916 2.29737 1.89657 1.51752 1.79826 1.51373 1.50473 
#qt 201414 0 0 0 0 0 0 0 0 
#qt 201421 0 0 0 0 0 0 0 0 
#qt 201422 0 0 0 0 0 0 0 0 
#qt 201423 0 0 0 0 0 0 0 0 
#qt 201424 0 0 0 0 0 0 0 0 
#qt 201431 0 0 0 0 0 0 0 0 
#qt 201432 0 0 0 0 0 0 0 0 
#qt 201433 0 0 0 0 0 0 0 0 
#qt 201434 0 0 0 0 0 0 0 0 
#qt 201441 0.805908 0.819044 1.10397 0.856754 0.863476 0.831064 0.849441 0.852634 
#qt 201442 0 0 0 0 0 0 0 0 
#qt 201443 0.977571 0.952933 1.14815 1.45345 1.061 1.00916 0.934819 0.999095 
#qt 201444 0 0 0 0 0 0 0 0 
#qt 202111 0 0 0 0 0 0 0 0 
#qt 202112 0 0 0 0 0 0 0 0 
#qt 202113 0 0 0 0 0 0 0 0 
#qt 202114 0 0 0 0 0 0 0 0 
#qt 202121 0 0 0 0 0 0 0 0 
#qt 202122 0 0 0 0 0 0 0 0 
#qt 202123 0 0 0 0 0 0 0 0 
#qt 202124 0 0 0 0 0 0 0 0 
#qt 202131 0 0 0 0 0 0 0 0 
#qt 202132 0.470138 0.443814 0.470272 0.459241 0.653783 0.470342 0.47532 0.463677 
#qt 202133 0 0 0 0 0 0 0 0 
#qt 202134 0 0 0 0 0 0 0 0 
#qt 202141 0.503691 1.486 0.886156 0.65098 0.930244 0.428556 0.450841 0.872403 
#qt 202142 0 0 0 0 0 0 0 0 
#qt 202143 0 0 0 0 0 0 0 0 
#qt 202144 0 0 0 0 0 0 0 0 
#qt 202211 0 0 0 0 0 0 0 0 
#qt 202212 0 0 0 0 0 0 0 0 
#qt 202213 1.54819 1.01116 3.22277 2.60437 2.65053 2.70552 2.18342 1.7212 
#qt 202214 1.81049 1.76944 2.79638 1.83774 1.73105 1.96895 1.5769 1.60768 
#qt 202221 0 0 0 0 0 0 0 0 
#qt 202222 0 0 0 0 0 0 0 0 
#qt 202223 0 0 0 0 0 0 0 0 
#qt 202224 0 0 0 0 0 0 0 0 
#qt 202231 1.20083 1.07614 1.21559 2.07608 1.20279 1.00516 1.12377 1.2057 
#qt 202232 0 0 0 0 0 0 0 0 
#qt 202233 0 0 0 0 0 0 0 0 
#qt 202234 0 0 0 0 0 0 0 0 
#qt 202241 0.401329 0.478018 0.476795 0.80254 0.48045 0.478201 0.453949 0.466777 
#qt 202242 0 0 0 0 0 0 0 0 
#qt 202243 0 0 0 0 0 0 0 0 
#qt 202244 0 0 0 0 0 0 0 0 
#qt 202311 0 0 0 0 0 0 0 0 
#qt 202312 1.31959 1.09762 2.91813 1.4109 1.30791 1.23487 1.41606 1.33664 
#qt 202313 0 0 0 0 0 0 0 0 
#qt 202314 0 0 0 0 0 0 0 0 
#qt 202321 0 0 0 0 0 0 0 0 
#qt 202322 0.159941 0.152286 0.197281 0.153432 0.159616 0.161363 0.160772 0.16078 
#qt 202323 0 0 0 0 0 0 0 0 
#qt 202324 0 0 0 0 0 0 0 0 
#qt 202331 0 0 0 0 0 0 0 0 
#qt 202332 0 0 0 0 0 0 0 0 
#qt 202333 0 0 0 0 0 0 0 0 
#qt 202334 0 0 0 0 0 0 0 0 
#qt 202341 0 0 0 0 0 0 0 0 
#qt 202342 0 0 0 0 0 0 0 0 
#qt 202343 0 0 0 0 0 0 0 0 
#qt 202344 0 0 0 0 0 0 0 0 
#qt 202411 0 0 0 0 0 0 0 0 
#qt 202412 0 0 0 0 0 0 0 0 
#qt 202413 0 0 0 0 0 0 0 0 
#qt 202414 0 0 0 0 0 0 0 0 
#qt 202421 0 0 0 0 0 0 0 0 
#qt 202422 0 0 0 0 0 0 0 0 
#qt 202423 0 0 0 0 0 0 0 0 
#qt 202424 0 0 0 0 0 0 0 0 
#qt 202431 0 0 0 0 0 0 0 0 
#qt 202432 0 0 0 0 0 0 0 0 
#qt 202433 0 0 0 0 0 0 0 0 
#qt 202434 0 0 0 0 0 0 0 0 
#qt 202441 1.17125 1.00834 2.6377 1.28514 1.27076 1.18479 1.18365 1.25858 
#qt 202442 0 0 0 0 0 0 0 0 
#qt 202443 0 0 0 0 0 0 0 0 
#qt 202444 0 0 0 0 0 0 0 0 
#qt 203111 0 0 0 0 0 0 0 0 
#qt 203112 0.224813 0.279819 0.202551 0.216201 0.21543 0.211613 0.224528 0.224805 
#qt 203113 0 0 0 0 0 0 0 0 
#qt 203114 0 0 0 0 0 0 0 0 
#qt 203121 0 0 0 0 0 0 0 0 
#qt 203122 0.497306 0.496757 0.524242 1.02534 0.527023 0.518181 0.525967 0.519235 
#qt 203123 0 0 0 0 0 0 0 0 
#qt 203124 0 0 0 0 0 0 0 0 
#qt 203131 0 0 0 0 0 0 0 0 
#qt 203132 0 0 0 0 0 0 0 0 
#qt 203133 0 0 0 0 0 0 0 0 
#qt 203134 0 0 0 0 0 0 0 0 
#qt 203141 1.19261 0.620793 0.658467 0.6515 0.662922 0.658584 0.646665 0.73212 
#qt 203142 0 0 0 0 0 0 0 0 
#qt 203143 0 0 0 0 0 0 0 0 
#qt 203144 0 0 0 0 0 0 0 0 
#qt 203211 0 0 0 0 0 0 0 0 
#qt 203212 0 0 0 0 0 0 0 0 
#qt 203213 0 0 0 0 0 0 0 0 
#qt 203214 0 0 0 0 0 0 0 0 
#qt 203221 1.12526 1.17155 2.18302 1.30998 1.23339 1.3357 1.30916 1.22388 
#qt 203222 0 0 0 0 0 0 0 0 
#qt 203223 0 0 0 0 0 0 0 0 
#qt 203224 0 0 0 0 0 0 0 0 
#qt 203231 0 0 0 0 0 0 0 0 
#qt 203232 0 0 0 0 0 0 0 0 
#qt 203233 0 0 0 0 0 0 0 0 
#qt 203234 0 0 0 0 0 0 0 0 
#qt 203241 0.530157 0.517976 1.02126 0.533893 0.539355 0.539786 0.536567 0.528746 
#qt 203242 0 0 0 0 0 0 0 0 
#qt 203243 0 0 0 0 0 0 0 0 
#qt 203244 0 0 0 0 0 0 0 0 
#qt 203311 0 0 0 0 0 0 0 0 
#qt 203312 0 0 0 0 0 0 0 0 
#qt 203313 0 0 0 0 0 0 0 0 
#qt 203314 0 0 0 0 0 0 0 0 
#qt 203321 1.7788 1.6872 2.84094 1.63863 1.43215 1.45711 2.03623 2.12759 
#qt 203322 0 0 0 0 0 0 0 0 
#qt 203323 0 0 0 0 0 0 0 0 
#qt 203324 0 0 0 0 0 0 0 0 
#qt 203331 0 0 0 0 0 0 0 0 
#qt 203332 0 0 0 0 0 0 0 0 
#qt 203333 0 0 0 0 0 0 0 0 
#qt 203334 0 0 0 0 0 0 0 0 
#qt 203341 0 0 0 0 0 0 0 0 
#qt 203342 0 0 0 0 0 0 0 0 
#qt 203343 0 0 0 0 0 0 0 0 
#qt 203344 0 0 0 0 0 0 0 0 
#qt 203411 0 0 0 0 0 0 0 0 
#qt 203412 0 0 0 0 0 0 0 0 
#qt 203413 0 0 0 0 0 0 0 0 
#qt 203414 0 0 0 0 0 0 0 0 
#qt 203421 0 0 0 0 0 0 0 0 
#qt 203422 0 0 0 0 0 0 0 0 
#qt 203423 0 0 0 0 0 0 0 0 
#qt 203424 0 0 0 0 0 0 0 0 
#qt 203431 0 0 0 0 0 0 0 0 
#qt 203432 0 0 0 0 0 0 0 0 
#qt 203433 0 0 0 0 0 0 0 0 
#qt 203434 0 0 0 0 0 0 0 0 
#qt 203441 0 0 0 0 0 0 0 0 
#qt 203442 0 0 0 0 0 0 0 0 
#qt 203443 0 0 0 0 0 0 0 0 
#qt 203444 0 0 0 0 0 0 0 0 
#qt 204111 0 0 0 0 0 0 0 0 
#qt 204112 0 0 0 0 0 0 0 0 
#qt 204113 0 0 0 0 0 0 0 0 
#qt 204114 0.0880252 0.0775538 0.0844052 0.0766657 0.0717532 0.0787926 0.0895692 0.0881817 
#qt 204121 0.0928821 0.0707258 0.0730406 0.0867451 0.0890045 0.0867126 0.0846343 0.0855306 
#qt 204122 0 0 0 0 0 0 0 0 
#qt 204123 0 0 0 0 0 0 0 0 
#qt 204124 0 0 0 0 0 0 0 0 
#qt 204131 0 0 0 0 0 0 0 0 
#qt 204132 0 0 0 0 0 0 0 0 
#qt 204133 0 0 0 0 0 0 0 0 
#qt 204134 0.120017 0.0966174 0.116028 0.116733 0.120903 0.104288 0.121309 0.120157 
#qt 204141 0 0 0 0 0 0 0 0 
#qt 204142 0 0 0 0 0 0 0 0 
#qt 204143 0 0 0 0 0 0 0 0 
#qt 204144 0 0 0 0 0 0 0 0 
#qt 204211 0.238956 0.2388 0.231277 0.234244 0.215706 0.214795 0.216815 0.225754 
#qt 204212 0 0 0 0 0 0 0 0 
#qt 204213 0 0 0 0 0 0 0 0 
#qt 204214 0 0 0 0 0 0 0 0 
#qt 204221 0 0 0 0 0 0 0 0 
#qt 204222 0 0 0 0 0 0 0 0 
#qt 204223 0 0 0 0 0 0 0 0 
#qt 204224 0 0 0 0 0 0 0 0 
#qt 204231 0.172105 0.174843 0.187778 0.183681 0.181679 0.180451 0.170779 0.183584 
#qt 204232 0 0 0 0 0 0 0 0 
#qt 204233 0 0 0 0 0 0 0 0 
#qt 204234 0 0 0 0 0 0 0 0 
#qt 204241 0 0 0 0 0 0 0 0 
#qt 204242 0 0 0 0 0 0 0 0 
#qt 204243 0 0 0 0 0 0 0 0 
#qt 204244 0 0 0 0 0 0 0 0 
#qt 204311 0 0 0 0 0 0 0 0 
#qt 204312 0.160254 0.159656 0.15919 0.148071 0.149945 0.163152 0.162749 0.163203 
#qt 204313 0 0 0 0 0 0 0 0 
#qt 204314 1.64017 2.0029 2.51977 1.7596 1.84849 1.67999 1.63875 1.74439 
#qt 204321 0 0 0 0 0 0 0 0 
#qt 204322 0 0 0 0 0 0 0 0 
#qt 204323 0 0 0 0 0 0 0 0 
#qt 204324 0 0 0 0 0 0 0 0 
#qt 204331 0 0 0 0 0 0 0 0 
#qt 204332 0 0 0 0 0 0 0 0 
#qt 204333 0 0 0 0 0 0 0 0 
#qt 204334 0 0 0 0 0 0 0 0 
#qt 204341 0 0 0 0 0 0 0 0 
#qt 204342 0 0 0 0 0 0 0 0 
#qt 204343 0 0 0 0 0 0 0 0 
#qt 204344 0 0 0 0 0 0 0 0 
#qt 204411 0.131731 0.127132 0.140151 0.137431 0.123936 0.136729 0.129098 0.128021 
#qt 204412 1.46167 1.39779 2.2119 1.34999 1.37165 1.50704 1.34359 1.39498 
#qt 204413 0 0 0 0 0 0 0 0 
#qt 204414 0 0 0 0 0 0 0 0 
#qt 204421 0.175473 0.177117 0.177897 0.177075 0.177124 0.159937 0.15353 0.161024 
#qt 204422 0 0 0 0 0 0 0 0 
#qt 204423 0 0 0 0 0 0 0 0 
#qt 204424 0 0 0 0 0 0 0 0 
#qt 204431 0.177421 0.177713 0.177644 0.170997 0.167746 0.156886 0.172901 0.167048 
#qt 204432 0 0 0 0 0 0 0 0 
#qt 204433 0 0 0 0 0 0 0 0 
#qt 204434 0 0 0 0 0 0 0 0 
#qt 204441 0 0 0 0 0 0 0 0 
#qt 204442 0 0 0 0 0 0 0 0 
#qt 204443 0 0 0 0 0 0 0 0 
#qt 204444 0 0 0 0 0 0 0 0 
#qt 211111 0 0 0 0 0 0 0 0 
#qt 211112 0 0 0 0 0 0 0 0 
#qt 211113 0 0 0 0 0 0 0 0 
#qt 211114 0 0 0 0 0 0 0 0 
#qt 211121 0 0 0 0 0 0 0 0 
#qt 211122 0 0 0 0 0 0 0 0 
#qt 211123 0 0 0 0 0 0 0 0 
#qt 211124 0 0 0 0 0 0 0 0 
#qt 211131 0 0 0 0 0 0 0 0 
#qt 211132 0.863848 0.967763 0.812728 0.668703 0.720697 0.798817 0.887882 1.5007 
#qt 211133 0 0 0 0 0 0 0 0 
#qt 211134 0 0 0 0 0 0 0 0 
#qt 211141 0 0 0 0 0 0 0 0 
#qt 211142 0 0 0 0 0 0 0 0 
#qt 211143 0 0 0 0 0 0 0 0 
#qt 211144 0 0 0 0 0 0 0 0 
#qt 211211 0 0 0 0 0 0 0 0 
#qt 211212 0 0 0 0 0 0 0 0 
#qt 211213 0.113035 0.111166 0.118888 0.114302 0.105969 0.112145 0.119539 0.10555 
#qt 211214 0 0 0 0 0 0 0 0 
#qt 211221 0 0 0 0 0 0 0 0 
#qt 211222 1.47438 1.59626 1.32639 1.42211 1.48518 1.40966 1.33946 2.57382 
#qt 211223 0 0 0 0 0 0 0 0 
#qt 211224 0 0 0 0 0 0 0 0 
#qt 211231 0 0 0 0 0 0 0 0 
#qt 211232 0 0 0 0 0 0 0 0 
#qt 211233 0 0 0 0 0 0 0 0 
#qt 211234 0 0 0 0 0 0 0 0 
#qt 211241 0 0 0 0 0 0 0 0 
#qt 211242 0 0 0 0 0 0 0 0 
#qt 211243 0 0 0 0 0 0 0 0 
#qt 211244 0 0 0 0 0 0 0 0 
#qt 211311 0 0 0 0 0 0 0 0 
#qt 211312 0.115201 0.121095 0.132849 0.119697 0.110834 0.116801 0.130664 0.130378 
#qt 211313 0 0 0 0 0 0 0 0 
#qt 211314 0 0 0 0 0 0 0 0 
#qt 211321 0 0 0 0 0 0 0 0 
#qt 211322 0 0 0 0 0 0 0 0 
#qt 211323 0 0 0 0 0 0 0 0 
#qt 211324 0 0 0 0 0 0 0 0 
#qt 211331 0 0 0 0 0 0 0 0 
#qt 211332 0 0 0 0 0 0 0 0 
#qt 211333 0 0 0 0 0 0 0 0 
#qt 211334 0 0 0 0 0 0 0 0 
#qt 211341 0 0 0 0 0 0 0 0 
#qt 211342 0 0 0 0 0 0 0 0 
#qt 211343 0 0 0 0 0 0 0 0 
#qt 211344 0 0 0 0 0 0 0 0 
#qt 211411 0 0 0 0 0 0 0 0 
#qt 211412 0 0 0 0 0 0 0 0 
#qt 211413 1.82684 2.56365 1.81798 1.89583 1.80123 1.9061 1.67914 1.7323 
#qt 211414 0 0 0 0 0 0 0 0 
#qt 211421 0 0 0 0 0 0 0 0 
#qt 211422 0 0 0 0 0 0 0 0 
#qt 211423 0 0 0 0 0 0 0 0 
#qt 211424 0 0 0 0 0 0 0 0 
#qt 211431 0 0 0 0 0 0 0 0 
#qt 211432 0 0 0 0 0 0 0 0 
#qt 211433 0 0 0 0 0 0 0 0 
#qt 211434 0 0 0 0 0 0 0 0 
#qt 211441 0 0 0 0 0 0 0 0 
#qt 211442 0 0 0 0 0 0 0 0 
#qt 211443 0 0 0 0 0 0 0 0 
#qt 211444 0 0 0 0 0 0 0 0 
#qt 212111 0 0 0 0 0 0 0 0 
#qt 212112 0 0 0 0 0 0 0 0 
#qt 212113 0 0 0 0 0 0 0 0 
#qt 212114 0 0 0 0 0 0 0 0 
#qt 212121 0 0 0 0 0 0 0 0 
#qt 212122 0 0 0 0 0 0 0 0 
#qt 212123 0 0 0 0 0 0 0 0 
#qt 212124 0 0 0 0 0 0 0 0 
#qt 212131 1.94873 2.90532 2.30092 1.65882 1.81776 2.06125 2.19084 2.02575 
#qt 212132 0.511021 0.483847 0.515216 0.499489 0.508108 0.508433 0.517275 0.515921 
#qt 212133 0 0 0 0 0 0 0 0 
#qt 212134 0 0 0 0 0 0 0 0 
#qt 212141 0.94218 1.12431 0.908855 0.907782 0.942777 0.87965 0.866545 0.960331 
#qt 212142 0 0 0 0 0 0 0 0 
#qt 212143 0 0 0 0 0 0 0 0 
#qt 212144 0 0 0 0 0 0 0 0 
#qt 212211 0 0 0 0 0 0 0 0 
#qt 212212 0 0 0 0 0 0 0 0 
#qt 212213 1.01045 1.62342 1.00714 1.04569 1.16232 1.13874 0.777336 0.96966 
#qt 212214 2.49237 1.58067 1.29966 1.53301 1.47457 1.27113 1.19638 1.46975 
#qt 212221 0 0 0 0 0 0 0 0 
#qt 212222 0 0 0 0 0 0 0 0 
#qt 212223 0 0 0 0 0 0 0 0 
#qt 212224 0 0 0 0 0 0 0 0 
#qt 212231 1.24046 1.32788 1.32597 2.01494 1.28191 1.44544 1.21663 1.38172 
#qt 212232 0 0 0 0 0 0 0 0 
#qt 212233 0 0 0 0 0 0 0 0 
#qt 212234 0 0 0 0 0 0 0 0 
#qt 212241 0.541831 0.54597 0.539206 0.545936 0.528625 0.51398 0.524912 0.528308 
#qt 212242 0 0 0 0 0 0 0 0 
#qt 212243 0 0 0 0 0 0 0 0 
#qt 212244 0 0 0 0 0 0 0 0 
#qt 212311 0 0 0 0 0 0 0 0 
#qt 212312 1.11368 1.63182 1.18942 1.14987 1.0721 0.806583 0.97414 1.03296 
#qt 212313 0 0 0 0 0 0 0 0 
#qt 212314 0 0 0 0 0 0 0 0 
#qt 212321 0 0 0 0 0 0 0 0 
#qt 212322 0.18013 0.161702 0.175702 0.157706 0.175887 0.175386 0.174433 0.175371 
#qt 212323 0 0 0 0 0 0 0 0 
#qt 212324 0 0 0 0 0 0 0 0 
#qt 212331 0 0 0 0 0 0 0 0 
#qt 212332 0 0 0 0 0 0 0 0 
#qt 212333 0 0 0 0 0 0 0 0 
#qt 212334 0 0 0 0 0 0 0 0 
#qt 212341 0 0 0 0 0 0 0 0 
#qt 212342 0 0 0 0 0 0 0 0 
#qt 212343 0 0 0 0 0 0 0 0 
#qt 212344 0 0 0 0 0 0 0 0 
#qt 212411 0 0 0 0 0 0 0 0 
#qt 212412 0 0 0 0 0 0 0 0 
#qt 212413 0 0 0 0 0 0 0 0 
#qt 212414 0 0 0 0 0 0 0 0 
#qt 212421 0 0 0 0 0 0 0 0 
#qt 212422 0 0 0 0 0 0 0 0 
#qt 212423 0 0 0 0 0 0 0 0 
#qt 212424 0 0 0 0 0 0 0 0 
#qt 212431 0 0 0 0 0 0 0 0 
#qt 212432 0 0 0 0 0 0 0 0 
#qt 212433 0 0 0 0 0 0 0 0 
#qt 212434 0 0 0 0 0 0 0 0 
#qt 212441 1.03029 1.43763 1.17038 1.00209 0.838824 1.04334 1.04521 0.975496 
#qt 212442 0 0 0 0 0 0 0 0 
#qt 212443 0 0 0 0 0 0 0 0 
#qt 212444 0 0 0 0 0 0 0 0 
#qt 213111 0 0 0 0 0 0 0 0 
#qt 213112 0.164296 0.169052 0.150816 0.164704 0.153123 0.165813 0.16717 0.169199 
#qt 213113 0 0 0 0 0 0 0 0 
#qt 213114 0 0 0 0 0 0 0 0 
#qt 213121 0 0 0 0 0 0 0 0 
#qt 213122 0.49706 0.464236 0.527557 0.6206 0.524993 0.493806 0.493075 0.475523 
#qt 213123 0 0 0 0 0 0 0 0 
#qt 213124 0 0 0 0 0 0 0 0 
#qt 213131 0 0 0 0 0 0 0 0 
#qt 213132 0 0 0 0 0 0 0 0 
#qt 213133 0 0 0 0 0 0 0 0 
#qt 213134 0 0 0 0 0 0 0 0 
#qt 213141 1.97566 0.880417 0.765514 0.808502 0.605771 0.700341 0.716059 0.650642 
#qt 213142 0 0 0 0 0 0 0 0 
#qt 213143 0 0 0 0 0 0 0 0 
#qt 213144 0 0 0 0 0 0 0 0 
#qt 213211 0 0 0 0 0 0 0 0 
#qt 213212 0 0 0 0 0 0 0 0 
#qt 213213 0 0 0 0 0 0 0 0 
#qt 213214 0 0 0 0 0 0 0 0 
#qt 213221 1.12171 1.34024 2.13271 1.39022 1.25935 1.23807 1.24079 1.15363 
#qt 213222 0 0 0 0 0 0 0 0 
#qt 213223 0 0 0 0 0 0 0 0 
#qt 213224 0 0 0 0 0 0 0 0 
#qt 213231 0 0 0 0 0 0 0 0 
#qt 213232 0 0 0 0 0 0 0 0 
#qt 213233 0 0 0 0 0 0 0 0 
#qt 213234 0 0 0 0 0 0 0 0 
#qt 213241 0.486936 0.495545 0.645402 0.497164 0.497352 0.467716 0.485265 0.461195 
#qt 213242 0 0 0 0 0 0 0 0 
#qt 213243 0 0 0 0 0 0 0 0 
#qt 213244 0 0 0 0 0 0 0 0 
#qt 213311 0 0 0 0 0 0 0 0 
#qt 213312 0 0 0 0 0 0 0 0 
#qt 213313 0 0 0 0 0 0 0 0 
#qt 213314 0 0 0 0 0 0 0 0 
#qt 213321 2.67275 1.93787 1.65636 1.62892 1.4238 1.56976 1.81066 1.6068 
#qt 213322 0 0 0 0 0 0 0 0 
#qt 213323 0 0 0 0 0 0 0 0 
#qt 213324 0 0 0 0 0 0 0 0 
#qt 213331 0 0 0 0 0 0 0 0 
#qt 213332 0 0 0 0 0 0 0 0 
#qt 213333 0 0 0 0 0 0 0 0 
#qt 213334 0 0 0 0 0 0 0 0 
#qt 213341 0 0 0 0 0 0 0 0 
#qt 213342 0 0 0 0 0 0 0 0 
#qt 213343 0 0 0 0 0 0 0 0 
#qt 213344 0 0 0 0 0 0 0 0 
#qt 213411 0 0 0 0 0 0 0 0 
#qt 213412 0 0 0 0 0 0 0 0 
#qt 213413 0 0 0 0 0 0 0 0 
#qt 213414 0 0 0 0 0 0 0 0 
#qt 213421 0 0 0 0 0 0 0 0 
#qt 213422 0 0 0 0 0 0 0 0 
#qt 213423 0 0 0 0 0 0 0 0 
#qt 213424 0 0 0 0 0 0 0 0 
#qt 213431 0 0 0 0 0 0 0 0 
#qt 213432 0 0 0 0 0 0 0 0 
#qt 213433 0 0 0 0 0 0 0 0 
#qt 213434 0 0 0 0 0 0 0 0 
#qt 213441 0 0 0 0 0 0 0 0 
#qt 213442 0 0 0 0 0 0 0 0 
#qt 213443 0 0 0 0 0 0 0 0 
#qt 213444 0 0 0 0 0 0 0 0 
#qt 214111 0 0 0 0 0 0 0 0 
#qt 214112 0 0 0 0 0 0 0 0 
#qt 214113 0 0 0 0 0 0 0 0 
#qt 214114 0.0981909 0.0924288 0.095564 0.0913184 0.0962203 0.100436 0.103693 0.0865953 
#qt 214121 0.134121 0.112582 0.123642 0.128332 0.133116 0.115763 0.131501 0.133096 
#qt 214122 0 0 0 0 0 0 0 0 
#qt 214123 0 0 0 0 0 0 0 0 
#qt 214124 0 0 0 0 0 0 0 0 
#qt 214131 0 0 0 0 0 0 0 0 
#qt 214132 0 0 0 0 0 0 0 0 
#qt 214133 0 0 0 0 0 0 0 0 
#qt 214134 1.14226 0.440968 0.422167 0.429371 0.514607 0.431413 0.574977 0.499258 
#qt 214141 0 0 0 0 0 0 0 0 
#qt 214142 0 0 0 0 0 0 0 0 
#qt 214143 0 0 0 0 0 0 0 0 
#qt 214144 0 0 0 0 0 0 0 0 
#qt 214211 0.184148 0.184522 0.183224 0.161123 0.173794 0.174955 0.16357 0.177013 
#qt 214212 0 0 0 0 0 0 0 0 
#qt 214213 0 0 0 0 0 0 0 0 
#qt 214214 0 0 0 0 0 0 0 0 
#qt 214221 0 0 0 0 0 0 0 0 
#qt 214222 0 0 0 0 0 0 0 0 
#qt 214223 0 0 0 0 0 0 0 0 
#qt 214224 0 0 0 0 0 0 0 0 
#qt 214231 1.01778 0.853101 0.942382 0.778985 0.800447 0.912336 0.897949 0.899382 
#qt 214232 0 0 0 0 0 0 0 0 
#qt 214233 0 0 0 0 0 0 0 0 
#qt 214234 0 0 0 0 0 0 0 0 
#qt 214241 0 0 0 0 0 0 0 0 
#qt 214242 0 0 0 0 0 0 0 0 
#qt 214243 0 0 0 0 0 0 0 0 
#qt 214244 0 0 0 0 0 0 0 0 
#qt 214311 0 0 0 0 0 0 0 0 
#qt 214312 0.693144 0.474829 0.498957 0.478801 0.484147 0.490668 0.503319 0.504941 
#qt 214313 0 0 0 0 0 0 0 0 
#qt 214314 1.7447 2.6205 1.43355 1.28377 1.5844 1.59466 1.42379 1.59131 
#qt 214321 0 0 0 0 0 0 0 0 
#qt 214322 0 0 0 0 0 0 0 0 
#qt 214323 0 0 0 0 0 0 0 0 
#qt 214324 0 0 0 0 0 0 0 0 
#qt 214331 0 0 0 0 0 0 0 0 
#qt 214332 0 0 0 0 0 0 0 0 
#qt 214333 0 0 0 0 0 0 0 0 
#qt 214334 0 0 0 0 0 0 0 0 
#qt 214341 0 0 0 0 0 0 0 0 
#qt 214342 0 0 0 0 0 0 0 0 
#qt 214343 0 0 0 0 0 0 0 0 
#qt 214344 0 0 0 0 0 0 0 0 
#qt 214411 0.132568 0.118479 0.139029 0.117735 0.127467 0.131098 0.120233 0.12113 
#qt 214412 1.38923 1.55127 2.31188 1.45918 1.42437 1.472 1.25787 1.36169 
#qt 214413 0 0 0 0 0 0 0 0 
#qt 214414 0 0 0 0 0 0 0 0 
#qt 214421 0.191444 0.189739 0.190042 0.192691 0.192077 0.171501 0.175818 0.172252 
#qt 214422 0 0 0 0 0 0 0 0 
#qt 214423 0 0 0 0 0 0 0 0 
#qt 214424 0 0 0 0 0 0 0 0 
#qt 214431 0.502664 0.903426 0.523118 0.486937 0.509296 0.516702 0.497718 0.490258 
#qt 214432 0 0 0 0 0 0 0 0 
#qt 214433 0 0 0 0 0 0 0 0 
#qt 214434 0 0 0 0 0 0 0 0 
#qt 214441 0 0 0 0 0 0 0 0 
#qt 214442 0 0 0 0 0 0 0 0 
#qt 214443 0 0 0 0 0 0 0 0 
#qt 214444 0 0 0 0 0 0 0 0 
#qt 221111 0 0 0 0 0 0 0 0 
#qt 221112 0 0 0 0 0 0 0 0 
#qt 221113 0 0 0 0 0 0 0 0 
#qt 221114 0 0 0 0 0 0 0 0 
#qt 221121 0 0 0 0 0 0 0 0 
#qt 221122 0 0 0 0 0 0 0 0 
#qt 221123 0 0 0 0 0 0 0 0 
#qt 221124 0 0 0 0 0 0 0 0 
#qt 221131 0 0 0 0 0 0 0 0 
#qt 221132 0.166798 0.151232 0.165992 0.168382 0.169897 0.167022 0.168668 0.167593 
#qt 221133 0 0 0 0 0 0 0 0 
#qt 221134 0 0 0 0 0 0 0 0 
#qt 221141 0 0 0 0 0 0 0 0 
#qt 221142 0.139895 0.13372 0.132649 0.139525 0.147924 0.209091 0.147873 0.137437 
#qt 221143 0 0 0 0 0 0 0 0 
#qt 221144 0 0 0 0 0 0 0 0 
#qt 221211 0 0 0 0 0 0 0 0 
#qt 221212 1.09342 1.17705 1.10961 1.30609 1.21457 2.31815 1.50805 1.25514 
#qt 221213 0.102239 0.139438 0.125438 0.126319 0.108573 0.1031 0.126063 0.126875 
#qt 221214 0 0 0 0 0 0 0 0 
#qt 221221 0 0 0 0 0 0 0 0 
#qt 221222 1.58397 1.84341 1.63914 2.76883 1.71902 1.37477 1.41249 1.35844 
#qt 221223 0 0 0 0 0 0 0 0 
#qt 221224 0.095445 0.0959717 0.130409 0.134603 0.134819 0.136406 0.130831 0.122484 
#qt 221231 0 0 0 0 0 0 0 0 
#qt 221232 0 0 0 0 0 0 0 0 
#qt 221233 0 0 0 0 0 0 0 0 
#qt 221234 0 0 0 0 0 0 0 0 
#qt 221241 0.158506 0.16216 0.166063 0.164335 0.201805 0.158974 0.150598 0.150911 
#qt 221242 0 0 0 0 0 0 0 0 
#qt 221243 0 0 0 0 0 0 0 0 
#qt 221244 0 0 0 0 0 0 0 0 
#qt 221311 0 0 0 0 0 0 0 0 
#qt 221312 0 0 0 0 0 0 0 0 
#qt 221313 0 0 0 0 0 0 0 0 
#qt 221314 0 0 0 0 0 0 0 0 
#qt 221321 0 0 0 0 0 0 0 0 
#qt 221322 0 0 0 0 0 0 0 0 
#qt 221323 0 0 0 0 0 0 0 0 
#qt 221324 0.128834 0.142479 0.143398 0.140777 0.142464 0.137529 0.143493 0.130238 
#qt 221331 0 0 0 0 0 0 0 0 
#qt 221332 0 0 0 0 0 0 0 0 
#qt 221333 0 0 0 0 0 0 0 0 
#qt 221334 0 0 0 0 0 0 0 0 
#qt 221341 1.28291 1.38611 1.32279 1.40158 2.26871 1.35529 1.18735 1.4073 
#qt 221342 0 0 0 0 0 0 0 0 
#qt 221343 0 0 0 0 0 0 0 0 
#qt 221344 0 0 0 0 0 0 0 0 
#qt 221411 0 0 0 0 0 0 0 0 
#qt 221412 0.137031 0.132043 0.154653 0.149299 0.139639 0.148156 0.148647 0.143418 
#qt 221413 0 0 0 0 0 0 0 0 
#qt 221414 0 0 0 0 0 0 0 0 
#qt 221421 0 0 0 0 0 0 0 0 
#qt 221422 0 0 0 0 0 0 0 0 
#qt 221423 0 0 0 0 0 0 0 0 
#qt 221424 0 0 0 0 0 0 0 0 
#qt 221431 0 0 0 0 0 0 0 0 
#qt 221432 0 0 0 0 0 0 0 0 
#qt 221433 0 0 0 0 0 0 0 0 
#qt 221434 0 0 0 0 0 0 0 0 
#qt 221441 0.144918 0.149523 0.290668 0.151143 0.163899 0.150326 0.161297 0.154601 
#qt 221442 0 0 0 0 0 0 0 0 
#qt 221443 0.137468 0.119404 0.143836 0.143067 0.139162 0.129372 0.1433 0.123493 
#qt 221444 0 0 0 0 0 0 0 0 
#qt 222111 0 0 0 0 0 0 0 0 
#qt 222112 0 0 0 0 0 0 0 0 
#qt 222113 0 0 0 0 0 0 0 0 
#qt 222114 0 0 0 0 0 0 0 0 
#qt 222121 0 0 0 0 0 0 0 0 
#qt 222122 0 0 0 0 0 0 0 0 
#qt 222123 0 0 0 0 0 0 0 0 
#qt 222124 0 0 0 0 0 0 0 0 
#qt 222131 1.41204 1.48683 1.81992 2.77533 1.74125 1.65769 1.82457 1.74948 
#qt 222132 0.146671 0.136741 0.147494 0.130969 0.14653 0.156991 0.145798 0.147053 
#qt 222133 0 0 0 0 0 0 0 0 
#qt 222134 0 0 0 0 0 0 0 0 
#qt 222141 0.148738 0.544142 0.147109 0.148883 0.145913 0.146746 0.13369 0.128071 
#qt 222142 0 0 0 0 0 0 0 0 
#qt 222143 0 0 0 0 0 0 0 0 
#qt 222144 0 0 0 0 0 0 0 0 
#qt 222211 0 0 0 0 0 0 0 0 
#qt 222212 0 0 0 0 0 0 0 0 
#qt 222213 0.119041 0.113107 0.121489 0.109409 0.104319 0.116366 0.120676 0.121144 
#qt 222214 0 0 0 0 0 0 0 0 
#qt 222221 0 0 0 0 0 0 0 0 
#qt 222222 0 0 0 0 0 0 0 0 
#qt 222223 0 0 0 0 0 0 0 0 
#qt 222224 0 0 0 0 0 0 0 0 
#qt 222231 1.25396 1.27118 1.57594 2.1431 1.48173 1.3877 1.30929 1.48369 
#qt 222232 0 0 0 0 0 0 0 0 
#qt 222233 0 0 0 0 0 0 0 0 
#qt 222234 0 0 0 0 0 0 0 0 
#qt 222241 0.160546 0.161475 0.161588 0.160464 0.408104 0.159261 0.154878 0.140849 
#qt 222242 0 0 0 0 0 0 0 0 
#qt 222243 0 0 0 0 0 0 0 0 
#qt 222244 0 0 0 0 0 0 0 0 
#qt 222311 0 0 0 0 0 0 0 0 
#qt 222312 0.127864 0.125114 0.12934 0.128402 0.110938 0.125392 0.12649 0.125844 
#qt 222313 0 0 0 0 0 0 0 0 
#qt 222314 0 0 0 0 0 0 0 0 
#qt 222321 0 0 0 0 0 0 0 0 
#qt 222322 0.244256 0.223547 0.233505 0.202788 0.232632 0.232436 0.229982 0.232716 
#qt 222323 0 0 0 0 0 0 0 0 
#qt 222324 0 0 0 0 0 0 0 0 
#qt 222331 0 0 0 0 0 0 0 0 
#qt 222332 0 0 0 0 0 0 0 0 
#qt 222333 0 0 0 0 0 0 0 0 
#qt 222334 0 0 0 0 0 0 0 0 
#qt 222341 0 0 0 0 0 0 0 0 
#qt 222342 0 0 0 0 0 0 0 0 
#qt 222343 0 0 0 0 0 0 0 0 
#qt 222344 0 0 0 0 0 0 0 0 
#qt 222411 0 0 0 0 0 0 0 0 
#qt 222412 0 0 0 0 0 0 0 0 
#qt 222413 0 0 0 0 0 0 0 0 
#qt 222414 0 0 0 0 0 0 0 0 
#qt 222421 0 0 0 0 0 0 0 0 
#qt 222422 0 0 0 0 0 0 0 0 
#qt 222423 0 0 0 0 0 0 0 0 
#qt 222424 0 0 0 0 0 0 0 0 
#qt 222431 0 0 0 0 0 0 0 0 
#qt 222432 0 0 0 0 0 0 0 0 
#qt 222433 0 0 0 0 0 0 0 0 
#qt 222434 0 0 0 0 0 0 0 0 
#qt 222441 0.135647 0.134013 0.135479 0.123832 0.134487 0.109753 0.115529 0.134856 
#qt 222442 0 0 0 0 0 0 0 0 
#qt 222443 0 0 0 0 0 0 0 0 
#qt 222444 0 0 0 0 0 0 0 0 
#qt 223111 0 0 0 0 0 0 0 0 
#qt 223112 0 0 0 0 0 0 0 0 
#qt 223113 0 0 0 0 0 0 0 0 
#qt 223114 0 0 0 0 0 0 0 0 
#qt 223121 0 0 0 0 0 0 0 0 
#qt 223122 0.142176 0.12789 0.134175 0.143347 0.142571 0.143003 0.142434 0.196721 
#qt 223123 0 0 0 0 0 0 0 0 
#qt 223124 0 0 0 0 0 0 0 0 
#qt 223131 0 0 0 0 0 0 0 0 
#qt 223132 0 0 0 0 0 0 0 0 
#qt 223133 0 0 0 0 0 0 0 0 
#qt 223134 0 0 0 0 0 0 0 0 
#qt 223141 0.117044 0.0917435 0.0981747 0.111815 0.135797 0.106498 0.101122 0.106942 
#qt 223142 0 0 0 0 0 0 0 0 
#qt 223143 0 0 0 0 0 0 0 0 
#qt 223144 0 0 0 0 0 0 0 0 
#qt 223211 0 0 0 0 0 0 0 0 
#qt 223212 0 0 0 0 0 0 0 0 
#qt 223213 0 0 0 0 0 0 0 0 
#qt 223214 0 0 0 0 0 0 0 0 
#qt 223221 1.29902 1.36641 1.35642 2.113 1.23251 1.38279 1.30436 1.23995 
#qt 223222 0 0 0 0 0 0 0 0 
#qt 223223 0 0 0 0 0 0 0 0 
#qt 223224 0 0 0 0 0 0 0 0 
#qt 223231 0 0 0 0 0 0 0 0 
#qt 223232 0 0 0 0 0 0 0 0 
#qt 223233 0 0 0 0 0 0 0 0 
#qt 223234 0 0 0 0 0 0 0 0 
#qt 223241 0.156533 0.153712 0.153334 0.154596 0.171871 0.141339 0.143253 0.140259 
#qt 223242 0 0 0 0 0 0 0 0 
#qt 223243 0 0 0 0 0 0 0 0 
#qt 223244 0 0 0 0 0 0 0 0 
#qt 223311 0 0 0 0 0 0 0 0 
#qt 223312 0 0 0 0 0 0 0 0 
#qt 223313 0 0 0 0 0 0 0 0 
#qt 223314 0 0 0 0 0 0 0 0 
#qt 223321 1.45036 1.53598 1.57036 2.40442 1.48323 1.28988 1.37431 1.57401 
#qt 223322 0 0 0 0 0 0 0 0 
#qt 223323 0 0 0 0 0 0 0 0 
#qt 223324 0 0 0 0 0 0 0 0 
#qt 223331 0 0 0 0 0 0 0 0 
#qt 223332 0 0 0 0 0 0 0 0 
#qt 223333 0 0 0 0 0 0 0 0 
#qt 223334 0 0 0 0 0 0 0 0 
#qt 223341 0 0 0 0 0 0 0 0 
#qt 223342 0 0 0 0 0 0 0 0 
#qt 223343 0 0 0 0 0 0 0 0 
#qt 223344 0 0 0 0 0 0 0 0 
#qt 223411 0 0 0 0 0 0 0 0 
#qt 223412 0 0 0 0 0 0 0 0 
#qt 223413 0 0 0 0 0 0 0 0 
#qt 223414 0 0 0 0 0 0 0 0 
#qt 223421 0 0 0 0 0 0 0 0 
#qt 223422 0 0 0 0 0 0 0 0 
#qt 223423 0 0 0 0 0 0 0 0 
#qt 223424 0 0 0 0 0 0 0 0 
#qt 223431 0 0 0 0 0 0 0 0 
#qt 223432 0 0 0 0 0 0 0 0 
#qt 223433 0 0 0 0 0 0 0 0 
#qt 223434 0 0 0 0 0 0 0 0 
#qt 223441 0 0 0 0 0 0 0 0 
#qt 223442 0 0 0 0 0 0 0 0 
#qt 223443 0 0 0 0 0 0 0 0 
#qt 223444 0 0 0 0 0 0 0 0 
#qt 224111 0 0 0 0 0 0 0 0 
#qt 224112 0 0 0 0 0 0 0 0 
#qt 224113 0 0 0 0 0 0 0 0 
#qt 224114 0 0 0 0 0 0 0 0 
#qt 224121 0.100064 0.0933645 0.0975981 0.0865588 0.100635 0.0986986 0.0965798 0.0998378 
#qt 224122 0 0 0 0 0 0 0 0 
#qt 224123 0 0 0 0 0 0 0 0 
#qt 224124 0 0 0 0 0 0 0 0 
#qt 224131 0 0 0 0 0 0 0 0 
#qt 224132 0 0 0 0 0 0 0 0 
#qt 224133 0 0 0 0 0 0 0 0 
#qt 224134 0.105182 0.0691273 0.091442 0.0809655 0.115135 0.0785953 0.106318 0.102833 
#qt 224141 0 0 0 0 0 0 0 0 
#qt 224142 0 0 0 0 0 0 0 0 
#qt 224143 0 0 0 0 0 0 0 0 
#qt 224144 0 0 0 0 0 0 0 0 
#qt 224211 0 0 0 0 0 0 0 0 
#qt 224212 0 0 0 0 0 0 0 0 
#qt 224213 0 0 0 0 0 0 0 0 
#qt 224214 0 0 0 0 0 0 0 0 
#qt 224221 0 0 0 0 0 0 0 0 
#qt 224222 0 0 0 0 0 0 0 0 
#qt 224223 0 0 0 0 0 0 0 0 
#qt 224224 0 0 0 0 0 0 0 0 
#qt 224231 0.175786 0.164848 0.184263 0.181846 1.04491 0.164215 0.171709 0.179353 
#qt 224232 0 0 0 0 0 0 0 0 
#qt 224233 0 0 0 0 0 0 0 0 
#qt 224234 0 0 0 0 0 0 0 0 
#qt 224241 0 0 0 0 0 0 0 0 
#qt 224242 0 0 0 0 0 0 0 0 
#qt 224243 0 0 0 0 0 0 0 0 
#qt 224244 0 0 0 0 0 0 0 0 
#qt 224311 0 0 0 0 0 0 0 0 
#qt 224312 0.136766 0.120574 0.13629 0.127762 0.121212 0.130073 0.13494 0.137041 
#qt 224313 0 0 0 0 0 0 0 0 
#qt 224314 0 0 0 0 0 0 0 0 
#qt 224321 0 0 0 0 0 0 0 0 
#qt 224322 0 0 0 0 0 0 0 0 
#qt 224323 0 0 0 0 0 0 0 0 
#qt 224324 0 0 0 0 0 0 0 0 
#qt 224331 0 0 0 0 0 0 0 0 
#qt 224332 0 0 0 0 0 0 0 0 
#qt 224333 0 0 0 0 0 0 0 0 
#qt 224334 0 0 0 0 0 0 0 0 
#qt 224341 0 0 0 0 0 0 0 0 
#qt 224342 0 0 0 0 0 0 0 0 
#qt 224343 0 0 0 0 0 0 0 0 
#qt 224344 0 0 0 0 0 0 0 0 
#qt 224411 0 0 0 0 0 0 0 0 
#qt 224412 0 0 0 0 0 0 0 0 
#qt 224413 0 0 0 0 0 0 0 0 
#qt 224414 0 0 0 0 0 0 0 0 
#qt 224421 0.243013 1.28985 0.248112 0.244162 0.246503 0.223184 0.234396 0.244829 
#qt 224422 0 0 0 0 0 0 0 0 
#qt 224423 0 0 0 0 0 0 0 0 
#qt 224424 0 0 0 0 0 0 0 0 
#qt 224431 0.144941 0.145732 0.149635 0.129087 0.141085 0.12737 0.142724 0.136965 
#qt 224432 0 0 0 0 0 0 0 0 
#qt 224433 0 0 0 0 0 0 0 0 
#qt 224434 0 0 0 0 0 0 0 0 
#qt 224441 0 0 0 0 0 0 0 0 
#qt 224442 0 0 0 0 0 0 0 0 
#qt 224443 0 0 0 0 0 0 0 0 
#qt 224444 0 0 0 0 0 0 0 0 

