#ve 1.01
#ep 100000
#em 100000
#im 100
#rg 1
#rf 0
#rb 0
#rw -0.1
#xr 0.001
#xm 0.001
#al 0.2
#ga 0.9

#qt 001111 0 0 0 0 0 0 0 0 
#qt 001112 0 0 0 0 0 0 0 0 
#qt 001113 0 0 0 0 0 0 0 0 
#qt 001114 0 0 0 0 0 0 0 0 
#qt 001121 0 0 0 0 0 0 0 0 
#qt 001122 0 0 0 0 0 0 0 0 
#qt 001123 0 0 0 0 0 0 0 0 
#qt 001124 0.870512 1.18584 3.74058 1.0887 0.239029 0.653144 0.963739 2.14328 
#qt 001131 3.73527 1.22742 1.03911 1.42892 0.869392 0.539308 0.364105 1.72882 
#qt 001132 1.32185 3.63893 1.29141 0.173241 0.591461 1.12597 0.55332 0.356042 
#qt 001133 0 0 0 0 0 0 0 0 
#qt 001134 0 0 0 0 0 0 0 0 
#qt 001141 0 0 0 0 0 0 0 0 
#qt 001142 1.29297 3.43764 1.84187 2.27839 1.14662 0.829804 0.512604 1.15229 
#qt 001143 0 0 0 0 0 0 0 0 
#qt 001144 0 0 0 0 0 0 0 0 
#qt 001211 0 0 0 0 0 0 0 0 
#qt 001212 0 0 0 0 0 0 0 0 
#qt 001213 2.19723 1.06004 1.63919 1.3244 4.48758 2.53585 1.31944 2.44519 
#qt 001214 0 0 0 0 0 0 0 0 
#qt 001221 0 0 0 0 0 0 0 0 
#qt 001222 0 0 0 0 0 0 0 0 
#qt 001223 0 0 0 0 0 0 0 0 
#qt 001224 1.562 1.34312 0.501923 0.312939 1.1441 3.39666 1.23683 1.36766 
#qt 001231 0 0 0 0 0 0 0 0 
#qt 001232 0 0 0 0 0 0 0 0 
#qt 001233 0 0 0 0 0 0 0 0 
#qt 001234 0 0 0 0 0 0 0 0 
#qt 001241 1.14416 2.33288 0.518861 2.04442 0.779757 3.48673 1.73631 0.922382 
#qt 001242 0 0 0 0 0 0 0 0 
#qt 001243 0 0 0 0 0 0 0 0 
#qt 001244 0 0 0 0 0 0 0 0 
#qt 001311 0 0 0 0 0 0 0 0 
#qt 001312 1.0172 3.70305 1.19154 1.34802 1.57181 1.02883 0.581558 0.35197 
#qt 001313 0 0 0 0 0 0 0 0 
#qt 001314 0 0 0 0 0 0 0 0 
#qt 001321 0 0 0 0 0 0 0 0 
#qt 001322 0 0 0 0 0 0 0 0 
#qt 001323 0 0 0 0 0 0 0 0 
#qt 001324 1.53122 1.68982 0.719967 0.484468 3.60514 0.738382 0.68725 1.44377 
#qt 001331 0 0 0 0 0 0 0 0 
#qt 001332 0 0 0 0 0 0 0 0 
#qt 001333 0 0 0 0 0 0 0 0 
#qt 001334 0 0 0 0 0 0 0 0 
#qt 001341 0 0 0 0 0 0 0 0 
#qt 001342 0 0 0 0 0 0 0 0 
#qt 001343 0 0 0 0 0 0 0 0 
#qt 001344 0 0 0 0 0 0 0 0 
#qt 001411 0 0 0 0 0 0 0 0 
#qt 001412 0.71216 3.56331 0.909338 0.849566 1.20525 1.32142 0.845883 0.579302 
#qt 001413 0 0 0 0 0 0 0 0 
#qt 001414 0 0 0 0 0 0 0 0 
#qt 001421 0 0 0 0 0 0 0 0 
#qt 001422 0 0 0 0 0 0 0 0 
#qt 001423 0 0 0 0 0 0 0 0 
#qt 001424 0 0 0 0 0 0 0 0 
#qt 001431 0 0 0 0 0 0 0 0 
#qt 001432 0 0 0 0 0 0 0 0 
#qt 001433 0 0 0 0 0 0 0 0 
#qt 001434 0 0 0 0 0 0 0 0 
#qt 001441 1.72059 1.0092 0.406943 1.33962 0.896585 2.10049 1.36434 3.66349 
#qt 001442 0 0 0 0 0 0 0 0 
#qt 001443 0.735192 0.963122 0.659605 1.37196 1.96495 1.27669 0.441723 1.21077 
#qt 001444 0 0 0 0 0 0 0 0 
#qt 002111 0 0 0 0 0 0 0 0 
#qt 002112 0 0 0 0 0 0 0 0 
#qt 002113 0 0 0 0 0 0 0 0 
#qt 002114 0.231344 3.76702 1.01392 0.846645 0.435611 2.39765 0.940161 0.441977 
#qt 002121 0 0 0 0 0 0 0 0 
#qt 002122 0 0 0 0 0 0 0 0 
#qt 002123 0 0 0 0 0 0 0 0 
#qt 002124 0.446417 1.21093 1.11367 3.67518 0.920739 0.876315 1.50032 1.97759 
#qt 002131 0 0 0 0 0 0 0 0 
#qt 002132 0.543939 3.62973 0.715242 1.31891 0.872419 0.692822 0.487148 0.635698 
#qt 002133 0 0 0 0 0 0 0 0 
#qt 002134 0 0 0 0 0 0 0 0 
#qt 002141 0.864388 0.563278 1.97394 1.57552 0.344488 3.79332 1.10747 0.620112 
#qt 002142 0 0 0 0 0 0 0 0 
#qt 002143 0 0 0 0 0 0 0 0 
#qt 002144 0 0 0 0 0 0 0 0 
#qt 002211 0 0 0 0 0 0 0 0 
#qt 002212 0 0 0 0 0 0 0 0 
#qt 002213 0.272004 0.347145 0.418574 1.57925 3.74077 1.28863 0.921588 0.459907 
#qt 002214 0 0 0 0 0 0 0 0 
#qt 002221 0 0 0 0 0 0 0 0 
#qt 002222 0 0 0 0 0 0 0 0 
#qt 002223 0 0 0 0 0 0 0 0 
#qt 002224 0 0 0 0 0 0 0 0 
#qt 002231 0 0 0 0 0 0 0 0 
#qt 002232 0 0 0 0 0 0 0 0 
#qt 002233 0 0 0 0 0 0 0 0 
#qt 002234 0 0 0 0 0 0 0 0 
#qt 002241 0.924114 1.24716 0.889296 3.22804 1.31296 0.734189 0.331332 1.42548 
#qt 002242 0 0 0 0 0 0 0 0 
#qt 002243 0 0 0 0 0 0 0 0 
#qt 002244 0 0 0 0 0 0 0 0 
#qt 002311 0 0 0 0 0 0 0 0 
#qt 002312 0.515965 0.472993 0.70619 3.75957 0.405307 0.112178 1.40971 0.317925 
#qt 002313 0 0 0 0 0 0 0 0 
#qt 002314 0 0 0 0 0 0 0 0 
#qt 002321 0 0 0 0 0 0 0 0 
#qt 002322 3.40415 0.92007 0.835629 2.19595 0.230673 0.683233 0.574506 1.0927 
#qt 002323 0 0 0 0 0 0 0 0 
#qt 002324 0 0 0 0 0 0 0 0 
#qt 002331 0 0 0 0 0 0 0 0 
#qt 002332 0 0 0 0 0 0 0 0 
#qt 002333 0 0 0 0 0 0 0 0 
#qt 002334 0 0 0 0 0 0 0 0 
#qt 002341 0 0 0 0 0 0 0 0 
#qt 002342 0 0 0 0 0 0 0 0 
#qt 002343 0 0 0 0 0 0 0 0 
#qt 002344 0 0 0 0 0 0 0 0 
#qt 002411 0 0 0 0 0 0 0 0 
#qt 002412 0 0 0 0 0 0 0 0 
#qt 002413 0 0 0 0 0 0 0 0 
#qt 002414 0 0 0 0 0 0 0 0 
#qt 002421 0 0 0 0 0 0 0 0 
#qt 002422 0 0 0 0 0 0 0 0 
#qt 002423 0 0 0 0 0 0 0 0 
#qt 002424 0 0 0 0 0 0 0 0 
#qt 002431 0 0 0 0 0 0 0 0 
#qt 002432 0 0 0 0 0 0 0 0 
#qt 002433 0 0 0 0 0 0 0 0 
#qt 002434 0 0 0 0 0 0 0 0 
#qt 002441 1.07971 0.414436 0.553088 1.10184 1.81078 1.24565 3.66679 1.23669 
#qt 002442 0 0 0 0 0 0 0 0 
#qt 002443 0 0 0 0 0 0 0 0 
#qt 002444 0 0 0 0 0 0 0 0 
#qt 003111 1.23644 1.18688 0.963071 1.37522 2.24562 3.76747 1.73027 0.29934 
#qt 003112 1.85666 0.962001 1.48785 3.60619 1.04693 1.25442 0.563361 0.466352 
#qt 003113 0 0 0 0 0 0 0 0 
#qt 003114 0 0 0 0 0 0 0 0 
#qt 003121 0 0 0 0 0 0 0 0 
#qt 003122 0.883601 3.90628 0 0.388023 0.684399 0.369712 0.335888 0.561615 
#qt 003123 0 0 0 0 0 0 0 0 
#qt 003124 0 0 0 0 0 0 0 0 
#qt 003131 0 0 0 0 0 0 0 0 
#qt 003132 0 0 0 0 0 0 0 0 
#qt 003133 0 0 0 0 0 0 0 0 
#qt 003134 0 0 0 0 0 0 0 0 
#qt 003141 2.97006 1.82448 4.30902 1.64538 1.78975 2.17061 2.27879 3.04058 
#qt 003142 0 0 0 0 0 0 0 0 
#qt 003143 0 0 0 0 0 0 0 0 
#qt 003144 0 0 0 0 0 0 0 0 
#qt 003211 0 0 0 0 0 0 0 0 
#qt 003212 0 0 0 0 0 0 0 0 
#qt 003213 0 0 0 0 0 0 0 0 
#qt 003214 0 0 0 0 0 0 0 0 
#qt 003221 0 0 0 0 0 0 0 0 
#qt 003222 0 0 0 0 0 0 0 0 
#qt 003223 0 0 0 0 0 0 0 0 
#qt 003224 0 0 0 0 0 0 0 0 
#qt 003231 0 0 0 0 0 0 0 0 
#qt 003232 0 0 0 0 0 0 0 0 
#qt 003233 0 0 0 0 0 0 0 0 
#qt 003234 0 0 0 0 0 0 0 0 
#qt 003241 0.796243 0.930993 1.14076 1.52225 0.188699 2.16816 3.6166 1.9397 
#qt 003242 0 0 0 0 0 0 0 0 
#qt 003243 0 0 0 0 0 0 0 0 
#qt 003244 0 0 0 0 0 0 0 0 
#qt 003311 0 0 0 0 0 0 0 0 
#qt 003312 0 0 0 0 0 0 0 0 
#qt 003313 0 0 0 0 0 0 0 0 
#qt 003314 0 0 0 0 0 0 0 0 
#qt 003321 0 0 0 0 0 0 0 0 
#qt 003322 0 0 0 0 0 0 0 0 
#qt 003323 0 0 0 0 0 0 0 0 
#qt 003324 0 0 0 0 0 0 0 0 
#qt 003331 0 0 0 0 0 0 0 0 
#qt 003332 0 0 0 0 0 0 0 0 
#qt 003333 0 0 0 0 0 0 0 0 
#qt 003334 0 0 0 0 0 0 0 0 
#qt 003341 0 0 0 0 0 0 0 0 
#qt 003342 0 0 0 0 0 0 0 0 
#qt 003343 0 0 0 0 0 0 0 0 
#qt 003344 0 0 0 0 0 0 0 0 
#qt 003411 0 0 0 0 0 0 0 0 
#qt 003412 0 0 0 0 0 0 0 0 
#qt 003413 0 0 0 0 0 0 0 0 
#qt 003414 0 0 0 0 0 0 0 0 
#qt 003421 0 0 0 0 0 0 0 0 
#qt 003422 0 0 0 0 0 0 0 0 
#qt 003423 0 0 0 0 0 0 0 0 
#qt 003424 0 0 0 0 0 0 0 0 
#qt 003431 0 0 0 0 0 0 0 0 
#qt 003432 0 0 0 0 0 0 0 0 
#qt 003433 0 0 0 0 0 0 0 0 
#qt 003434 0 0 0 0 0 0 0 0 
#qt 003441 0 0 0 0 0 0 0 0 
#qt 003442 0 0 0 0 0 0 0 0 
#qt 003443 0 0 0 0 0 0 0 0 
#qt 003444 0 0 0 0 0 0 0 0 
#qt 004111 0 0 0 0 0 0 0 0 
#qt 004112 0 0 0 0 0 0 0 0 
#qt 004113 0 0 0 0 0 0 0 0 
#qt 004114 2.38692 1.00445 3.52208 0.680782 2.00033 1.21969 1.16905 1.8569 
#qt 004121 2.47029 3.1041 4.35651 2.04544 1.52943 2.31314 3.37646 1.32968 
#qt 004122 0 0 0 0 0 0 0 0 
#qt 004123 0 0 0 0 0 0 0 0 
#qt 004124 0 0 0 0 0 0 0 0 
#qt 004131 0 0 0 0 0 0 0 0 
#qt 004132 0 0 0 0 0 0 0 0 
#qt 004133 0 0 0 0 0 0 0 0 
#qt 004134 1.26575 0.889988 3.60191 2.61416 0.989448 1.07021 1.08862 0.932935 
#qt 004141 0 0 0 0 0 0 0 0 
#qt 004142 0 0 0 0 0 0 0 0 
#qt 004143 0 0 0 0 0 0 0 0 
#qt 004144 0 0 0 0 0 0 0 0 
#qt 004211 0.218828 0.964269 0.523746 1.22519 0.377578 3.58415 1.75 1.97745 
#qt 004212 0 0 0 0 0 0 0 0 
#qt 004213 0 0 0 0 0 0 0 0 
#qt 004214 0 0 0 0 0 0 0 0 
#qt 004221 0 0 0 0 0 0 0 0 
#qt 004222 0 0 0 0 0 0 0 0 
#qt 004223 0 0 0 0 0 0 0 0 
#qt 004224 0 0 0 0 0 0 0 0 
#qt 004231 0.505277 1.20381 0.71597 0.428682 3.04877 0.932783 1.30726 1.31385 
#qt 004232 0 0 0 0 0 0 0 0 
#qt 004233 0 0 0 0 0 0 0 0 
#qt 004234 0 0 0 0 0 0 0 0 
#qt 004241 0 0 0 0 0 0 0 0 
#qt 004242 0 0 0 0 0 0 0 0 
#qt 004243 0 0 0 0 0 0 0 0 
#qt 004244 0 0 0 0 0 0 0 0 
#qt 004311 0 0 0 0 0 0 0 0 
#qt 004312 0.773564 1.78209 3.57429 0.773222 0.671204 0.831189 0.609865 0.602266 
#qt 004313 0 0 0 0 0 0 0 0 
#qt 004314 0 0 0 0 0 0 0 0 
#qt 004321 0 0 0 0 0 0 0 0 
#qt 004322 0 0 0 0 0 0 0 0 
#qt 004323 0 0 0 0 0 0 0 0 
#qt 004324 0 0 0 0 0 0 0 0 
#qt 004331 0 0 0 0 0 0 0 0 
#qt 004332 0 0 0 0 0 0 0 0 
#qt 004333 0 0 0 0 0 0 0 0 
#qt 004334 0 0 0 0 0 0 0 0 
#qt 004341 0 0 0 0 0 0 0 0 
#qt 004342 0 0 0 0 0 0 0 0 
#qt 004343 0 0 0 0 0 0 0 0 
#qt 004344 0 0 0 0 0 0 0 0 
#qt 004411 0.878393 0.768503 0 1.59552 1.71372 0.846493 3.69212 1.79646 
#qt 004412 0 0 0 0 0 0 0 0 
#qt 004413 0 0 0 0 0 0 0 0 
#qt 004414 0 0 0 0 0 0 0 0 
#qt 004421 0.904834 0.859896 0.537462 0.461311 0.630733 1.80523 3.4876 1.46959 
#qt 004422 0 0 0 0 0 0 0 0 
#qt 004423 0 0 0 0 0 0 0 0 
#qt 004424 0 0 0 0 0 0 0 0 
#qt 004431 0.59349 1.00337 1.61793 1.62968 1.49461 0.730453 3.63758 0.271477 
#qt 004432 0 0 0 0 0 0 0 0 
#qt 004433 0 0 0 0 0 0 0 0 
#qt 004434 0 0 0 0 0 0 0 0 
#qt 004441 0 0 0 0 0 0 0 0 
#qt 004442 0 0 0 0 0 0 0 0 
#qt 004443 0 0 0 0 0 0 0 0 
#qt 004444 0 0 0 0 0 0 0 0 
#qt 011111 0 0 0 0 0 0 0 0 
#qt 011112 0 0 0 0 0 0 0 0 
#qt 011113 0 0 0 0 0 0 0 0 
#qt 011114 0 0 0 0 0 0 0 0 
#qt 011121 0 0 0 0 0 0 0 0 
#qt 011122 0 0 0 0 0 0 0 0 
#qt 011123 0 0 0 0 0 0 0 0 
#qt 011124 0 0 0 0 0 0 0 0 
#qt 011131 0.213005 0.225292 0.210655 0.216128 0.225658 0.222972 0.228164 0.209369 
#qt 011132 1.07722 1.12086 1.0908 1.10038 1.10173 1.08025 2.68422 1.07497 
#qt 011133 0 0 0 0 0 0 0 0 
#qt 011134 0 0 0 0 0 0 0 0 
#qt 011141 0 0 0 0 0 0 0 0 
#qt 011142 0 0 0 0 0 0 0 0 
#qt 011143 0 0 0 0 0 0 0 0 
#qt 011144 0 0 0 0 0 0 0 0 
#qt 011211 0 0 0 0 0 0 0 0 
#qt 011212 0 0 0 0 0 0 0 0 
#qt 011213 0.647788 1.54031 0.643344 0.61662 0.607708 0.619944 0.71383 0.617864 
#qt 011214 0 0 0 0 0 0 0 0 
#qt 011221 0 0 0 0 0 0 0 0 
#qt 011222 0 0 0 0 0 0 0 0 
#qt 011223 0 0 0 0 0 0 0 0 
#qt 011224 0 0 0 0 0 0 0 0 
#qt 011231 0 0 0 0 0 0 0 0 
#qt 011232 0 0 0 0 0 0 0 0 
#qt 011233 0 0 0 0 0 0 0 0 
#qt 011234 0 0 0 0 0 0 0 0 
#qt 011241 0 0 0 0 0 0 0 0 
#qt 011242 0 0 0 0 0 0 0 0 
#qt 011243 0 0 0 0 0 0 0 0 
#qt 011244 0 0 0 0 0 0 0 0 
#qt 011311 0 0 0 0 0 0 0 0 
#qt 011312 0.525843 0.5303 0.511116 0.507173 0.513603 0.519154 0.533913 1.84858 
#qt 011313 0 0 0 0 0 0 0 0 
#qt 011314 0 0 0 0 0 0 0 0 
#qt 011321 0 0 0 0 0 0 0 0 
#qt 011322 0 0 0 0 0 0 0 0 
#qt 011323 0 0 0 0 0 0 0 0 
#qt 011324 0 0 0 0 0 0 0 0 
#qt 011331 0 0 0 0 0 0 0 0 
#qt 011332 0 0 0 0 0 0 0 0 
#qt 011333 0 0 0 0 0 0 0 0 
#qt 011334 0 0 0 0 0 0 0 0 
#qt 011341 0 0 0 0 0 0 0 0 
#qt 011342 0 0 0 0 0 0 0 0 
#qt 011343 0 0 0 0 0 0 0 0 
#qt 011344 0 0 0 0 0 0 0 0 
#qt 011411 0 0 0 0 0 0 0 0 
#qt 011412 0 0 0 0 0 0 0 0 
#qt 011413 0 0 0 0 0 0 0 0 
#qt 011414 0 0 0 0 0 0 0 0 
#qt 011421 0 0 0 0 0 0 0 0 
#qt 011422 0 0 0 0 0 0 0 0 
#qt 011423 0 0 0 0 0 0 0 0 
#qt 011424 0 0 0 0 0 0 0 0 
#qt 011431 0 0 0 0 0 0 0 0 
#qt 011432 0 0 0 0 0 0 0 0 
#qt 011433 0 0 0 0 0 0 0 0 
#qt 011434 0 0 0 0 0 0 0 0 
#qt 011441 0 0 0 0 0 0 0 0 
#qt 011442 0 0 0 0 0 0 0 0 
#qt 011443 0 0 0 0 0 0 0 0 
#qt 011444 0 0 0 0 0 0 0 0 
#qt 012111 0 0 0 0 0 0 0 0 
#qt 012112 0 0 0 0 0 0 0 0 
#qt 012113 0 0 0 0 0 0 0 0 
#qt 012114 4.23378 2.64465 2.49637 2.43608 2.127 2.85226 2.30684 2.47317 
#qt 012121 0 0 0 0 0 0 0 0 
#qt 012122 0 0 0 0 0 0 0 0 
#qt 012123 0 0 0 0 0 0 0 0 
#qt 012124 4.3311 0.211558 0.218923 0.214304 0.218254 0.217701 0.221817 0.20376 
#qt 012131 0 0 0 0 0 0 0 0 
#qt 012132 4.09014 2.84282 3.02646 2.89909 2.69869 1.68348 1.76678 1.19894 
#qt 012133 0 0 0 0 0 0 0 0 
#qt 012134 0 0 0 0 0 0 0 0 
#qt 012141 4.29619 2.44794 3.00019 3.22887 2.9808 3.18975 3.258 3.17143 
#qt 012142 0 0 0 0 0 0 0 0 
#qt 012143 0 0 0 0 0 0 0 0 
#qt 012144 0 0 0 0 0 0 0 0 
#qt 012211 0 0 0 0 0 0 0 0 
#qt 012212 0 0 0 0 0 0 0 0 
#qt 012213 3.97785 1.11675 1.10438 2.24955 2.51654 2.86142 2.22439 2.20871 
#qt 012214 0 0 0 0 0 0 0 0 
#qt 012221 0 0 0 0 0 0 0 0 
#qt 012222 0 0 0 0 0 0 0 0 
#qt 012223 0 0 0 0 0 0 0 0 
#qt 012224 0 0 0 0 0 0 0 0 
#qt 012231 0 0 0 0 0 0 0 0 
#qt 012232 0 0 0 0 0 0 0 0 
#qt 012233 0 0 0 0 0 0 0 0 
#qt 012234 0 0 0 0 0 0 0 0 
#qt 012241 4.13574 2.98645 2.90252 2.60254 2.70424 2.75911 2.83343 2.85832 
#qt 012242 0 0 0 0 0 0 0 0 
#qt 012243 0 0 0 0 0 0 0 0 
#qt 012244 0 0 0 0 0 0 0 0 
#qt 012311 0 0 0 0 0 0 0 0 
#qt 012312 4.21016 1.59115 1.36635 2.97273 2.76995 1.85604 2.51262 2.41345 
#qt 012313 0 0 0 0 0 0 0 0 
#qt 012314 0 0 0 0 0 0 0 0 
#qt 012321 0 0 0 0 0 0 0 0 
#qt 012322 3.92596 1.05721 1.06125 1.29901 1.06411 1.25664 1.06948 1.05003 
#qt 012323 0 0 0 0 0 0 0 0 
#qt 012324 0 0 0 0 0 0 0 0 
#qt 012331 0 0 0 0 0 0 0 0 
#qt 012332 0 0 0 0 0 0 0 0 
#qt 012333 0 0 0 0 0 0 0 0 
#qt 012334 0 0 0 0 0 0 0 0 
#qt 012341 0 0 0 0 0 0 0 0 
#qt 012342 0 0 0 0 0 0 0 0 
#qt 012343 0 0 0 0 0 0 0 0 
#qt 012344 0 0 0 0 0 0 0 0 
#qt 012411 0 0 0 0 0 0 0 0 
#qt 012412 0 0 0 0 0 0 0 0 
#qt 012413 0 0 0 0 0 0 0 0 
#qt 012414 0 0 0 0 0 0 0 0 
#qt 012421 0 0 0 0 0 0 0 0 
#qt 012422 0 0 0 0 0 0 0 0 
#qt 012423 0 0 0 0 0 0 0 0 
#qt 012424 0 0 0 0 0 0 0 0 
#qt 012431 0 0 0 0 0 0 0 0 
#qt 012432 0 0 0 0 0 0 0 0 
#qt 012433 0 0 0 0 0 0 0 0 
#qt 012434 0 0 0 0 0 0 0 0 
#qt 012441 2.76701 1.86441 1.70444 2.19653 2.20448 2.2249 2.16555 2.20895 
#qt 012442 0 0 0 0 0 0 0 0 
#qt 012443 0 0 0 0 0 0 0 0 
#qt 012444 0 0 0 0 0 0 0 0 
#qt 013111 0.949977 0.198028 0.207196 0.199356 0.209844 0.192916 0.203511 0.212557 
#qt 013112 1.10216 1.11014 1.08414 1.06835 1.10439 1.09301 1.09106 2.60408 
#qt 013113 0 0 0 0 0 0 0 0 
#qt 013114 0 0 0 0 0 0 0 0 
#qt 013121 0 0 0 0 0 0 0 0 
#qt 013122 4.22182 3.12087 3.13668 0.797227 2.79146 1.94847 1.56577 1.68652 
#qt 013123 0 0 0 0 0 0 0 0 
#qt 013124 0 0 0 0 0 0 0 0 
#qt 013131 0 0 0 0 0 0 0 0 
#qt 013132 0 0 0 0 0 0 0 0 
#qt 013133 0 0 0 0 0 0 0 0 
#qt 013134 0 0 0 0 0 0 0 0 
#qt 013141 4.30632 1.83225 1.96236 2.19122 2.01368 2.0118 1.97291 2.01608 
#qt 013142 0 0 0 0 0 0 0 0 
#qt 013143 0 0 0 0 0 0 0 0 
#qt 013144 0 0 0 0 0 0 0 0 
#qt 013211 0 0 0 0 0 0 0 0 
#qt 013212 0 0 0 0 0 0 0 0 
#qt 013213 0 0 0 0 0 0 0 0 
#qt 013214 0 0 0 0 0 0 0 0 
#qt 013221 0 0 0 0 0 0 0 0 
#qt 013222 0 0 0 0 0 0 0 0 
#qt 013223 0 0 0 0 0 0 0 0 
#qt 013224 0 0 0 0 0 0 0 0 
#qt 013231 0 0 0 0 0 0 0 0 
#qt 013232 0 0 0 0 0 0 0 0 
#qt 013233 0 0 0 0 0 0 0 0 
#qt 013234 0 0 0 0 0 0 0 0 
#qt 013241 3.75776 2.45529 2.48864 2.37146 2.12942 2.19712 2.38566 2.72855 
#qt 013242 0 0 0 0 0 0 0 0 
#qt 013243 0 0 0 0 0 0 0 0 
#qt 013244 0 0 0 0 0 0 0 0 
#qt 013311 0 0 0 0 0 0 0 0 
#qt 013312 0 0 0 0 0 0 0 0 
#qt 013313 0 0 0 0 0 0 0 0 
#qt 013314 0 0 0 0 0 0 0 0 
#qt 013321 0 0 0 0 0 0 0 0 
#qt 013322 0 0 0 0 0 0 0 0 
#qt 013323 0 0 0 0 0 0 0 0 
#qt 013324 0 0 0 0 0 0 0 0 
#qt 013331 0 0 0 0 0 0 0 0 
#qt 013332 0 0 0 0 0 0 0 0 
#qt 013333 0 0 0 0 0 0 0 0 
#qt 013334 0 0 0 0 0 0 0 0 
#qt 013341 0 0 0 0 0 0 0 0 
#qt 013342 0 0 0 0 0 0 0 0 
#qt 013343 0 0 0 0 0 0 0 0 
#qt 013344 0 0 0 0 0 0 0 0 
#qt 013411 0 0 0 0 0 0 0 0 
#qt 013412 0 0 0 0 0 0 0 0 
#qt 013413 0 0 0 0 0 0 0 0 
#qt 013414 0 0 0 0 0 0 0 0 
#qt 013421 0 0 0 0 0 0 0 0 
#qt 013422 0 0 0 0 0 0 0 0 
#qt 013423 0 0 0 0 0 0 0 0 
#qt 013424 0 0 0 0 0 0 0 0 
#qt 013431 0 0 0 0 0 0 0 0 
#qt 013432 0 0 0 0 0 0 0 0 
#qt 013433 0 0 0 0 0 0 0 0 
#qt 013434 0 0 0 0 0 0 0 0 
#qt 013441 0 0 0 0 0 0 0 0 
#qt 013442 0 0 0 0 0 0 0 0 
#qt 013443 0 0 0 0 0 0 0 0 
#qt 013444 0 0 0 0 0 0 0 0 
#qt 014111 0 0 0 0 0 0 0 0 
#qt 014112 0 0 0 0 0 0 0 0 
#qt 014113 0 0 0 0 0 0 0 0 
#qt 014114 4.37572 1.91003 1.95777 1.92098 1.97002 1.94023 1.56668 1.91736 
#qt 014121 4.22818 1.93792 1.95904 1.99016 2.00581 1.93096 2.01275 2.24827 
#qt 014122 0 0 0 0 0 0 0 0 
#qt 014123 0 0 0 0 0 0 0 0 
#qt 014124 0 0 0 0 0 0 0 0 
#qt 014131 0 0 0 0 0 0 0 0 
#qt 014132 0 0 0 0 0 0 0 0 
#qt 014133 0 0 0 0 0 0 0 0 
#qt 014134 4.83805 1.93548 2.00203 1.9859 2.15399 2.01289 1.66332 1.89089 
#qt 014141 0 0 0 0 0 0 0 0 
#qt 014142 0 0 0 0 0 0 0 0 
#qt 014143 0 0 0 0 0 0 0 0 
#qt 014144 0 0 0 0 0 0 0 0 
#qt 014211 3.56558 1.02884 0.551091 1.89316 1.85682 1.87505 1.88202 1.89623 
#qt 014212 0 0 0 0 0 0 0 0 
#qt 014213 0 0 0 0 0 0 0 0 
#qt 014214 0 0 0 0 0 0 0 0 
#qt 014221 0 0 0 0 0 0 0 0 
#qt 014222 0 0 0 0 0 0 0 0 
#qt 014223 0 0 0 0 0 0 0 0 
#qt 014224 0 0 0 0 0 0 0 0 
#qt 014231 4.33996 1.95933 1.56521 1.12131 1.9736 1.98951 1.97391 1.91153 
#qt 014232 0 0 0 0 0 0 0 0 
#qt 014233 0 0 0 0 0 0 0 0 
#qt 014234 0 0 0 0 0 0 0 0 
#qt 014241 0 0 0 0 0 0 0 0 
#qt 014242 0 0 0 0 0 0 0 0 
#qt 014243 0 0 0 0 0 0 0 0 
#qt 014244 0 0 0 0 0 0 0 0 
#qt 014311 0 0 0 0 0 0 0 0 
#qt 014312 4.33906 3.0891 0.882075 2.85848 2.90512 1.4842 1.81203 1.71516 
#qt 014313 0 0 0 0 0 0 0 0 
#qt 014314 0 0 0 0 0 0 0 0 
#qt 014321 0 0 0 0 0 0 0 0 
#qt 014322 0 0 0 0 0 0 0 0 
#qt 014323 0 0 0 0 0 0 0 0 
#qt 014324 0 0 0 0 0 0 0 0 
#qt 014331 0 0 0 0 0 0 0 0 
#qt 014332 0 0 0 0 0 0 0 0 
#qt 014333 0 0 0 0 0 0 0 0 
#qt 014334 0 0 0 0 0 0 0 0 
#qt 014341 0 0 0 0 0 0 0 0 
#qt 014342 0 0 0 0 0 0 0 0 
#qt 014343 0 0 0 0 0 0 0 0 
#qt 014344 0 0 0 0 0 0 0 0 
#qt 014411 3.78029 2.51554 2.02319 2.23452 2.31359 2.23986 2.35901 2.21956 
#qt 014412 0 0 0 0 0 0 0 0 
#qt 014413 0 0 0 0 0 0 0 0 
#qt 014414 0 0 0 0 0 0 0 0 
#qt 014421 3.70028 1.94133 0.846329 0.547987 1.94861 1.87611 1.92219 1.91343 
#qt 014422 0 0 0 0 0 0 0 0 
#qt 014423 0 0 0 0 0 0 0 0 
#qt 014424 0 0 0 0 0 0 0 0 
#qt 014431 2.75446 3.7506 2.6901 2.64645 2.64498 2.72866 2.48316 2.42605 
#qt 014432 0 0 0 0 0 0 0 0 
#qt 014433 0 0 0 0 0 0 0 0 
#qt 014434 0 0 0 0 0 0 0 0 
#qt 014441 0 0 0 0 0 0 0 0 
#qt 014442 0 0 0 0 0 0 0 0 
#qt 014443 0 0 0 0 0 0 0 0 
#qt 014444 0 0 0 0 0 0 0 0 
#qt 021111 0 0 0 0 0 0 0 0 
#qt 021112 0 0 0 0 0 0 0 0 
#qt 021113 0 0 0 0 0 0 0 0 
#qt 021114 0 0 0 0 0 0 0 0 
#qt 021121 0 0 0 0 0 0 0 0 
#qt 021122 0 0 0 0 0 0 0 0 
#qt 021123 0 0 0 0 0 0 0 0 
#qt 021124 0.0693203 0.0694118 0.0679639 0.0737445 1.1255 0.0788937 0.0796428 0.0689928 
#qt 021131 3.10711 3.0581 3.27463 3.14487 3.92697 2.17707 3.28673 3.20365 
#qt 021132 2.96992 2.98361 2.94792 1.53196 3.79127 1.95472 2.03022 1.04101 
#qt 021133 0 0 0 0 0 0 0 0 
#qt 021134 0 0 0 0 0 0 0 0 
#qt 021141 0 0 0 0 0 0 0 0 
#qt 021142 0.16748 0.147055 0.152953 0.158655 0.169428 0.171757 0.793747 0.16823 
#qt 021143 0 0 0 0 0 0 0 0 
#qt 021144 0 0 0 0 0 0 0 0 
#qt 021211 0 0 0 0 0 0 0 0 
#qt 021212 0 0 0 0 0 0 0 0 
#qt 021213 3.02465 0.91738 2.52266 4.46787 2.9988 2.84077 1.10369 1.55447 
#qt 021214 0 0 0 0 0 0 0 0 
#qt 021221 0 0 0 0 0 0 0 0 
#qt 021222 0 0 0 0 0 0 0 0 
#qt 021223 0 0 0 0 0 0 0 0 
#qt 021224 0.144505 0.154653 0.164129 0.165247 0.1629 0.165678 1.35062 0.163239 
#qt 021231 0 0 0 0 0 0 0 0 
#qt 021232 0 0 0 0 0 0 0 0 
#qt 021233 0 0 0 0 0 0 0 0 
#qt 021234 0 0 0 0 0 0 0 0 
#qt 021241 2.36087 2.30108 2.14707 2.32482 3.4106 1.91245 2.30043 2.25473 
#qt 021242 0 0 0 0 0 0 0 0 
#qt 021243 0 0 0 0 0 0 0 0 
#qt 021244 0 0 0 0 0 0 0 0 
#qt 021311 0 0 0 0 0 0 0 0 
#qt 021312 0 0 0 0 0 0 0 0 
#qt 021313 0 0 0 0 0 0 0 0 
#qt 021314 0 0 0 0 0 0 0 0 
#qt 021321 0 0 0 0 0 0 0 0 
#qt 021322 0 0 0 0 0 0 0 0 
#qt 021323 0 0 0 0 0 0 0 0 
#qt 021324 0.0630098 0.066413 0.0807976 0.0810575 0.0802656 0.58305 0.0804011 0.0665367 
#qt 021331 0 0 0 0 0 0 0 0 
#qt 021332 0 0 0 0 0 0 0 0 
#qt 021333 0 0 0 0 0 0 0 0 
#qt 021334 0 0 0 0 0 0 0 0 
#qt 021341 0 0 0 0 0 0 0 0 
#qt 021342 0 0 0 0 0 0 0 0 
#qt 021343 0 0 0 0 0 0 0 0 
#qt 021344 0 0 0 0 0 0 0 0 
#qt 021411 0 0 0 0 0 0 0 0 
#qt 021412 0 0 0 0 0 0 0 0 
#qt 021413 0 0 0 0 0 0 0 0 
#qt 021414 0 0 0 0 0 0 0 0 
#qt 021421 0 0 0 0 0 0 0 0 
#qt 021422 0 0 0 0 0 0 0 0 
#qt 021423 0 0 0 0 0 0 0 0 
#qt 021424 0 0 0 0 0 0 0 0 
#qt 021431 0 0 0 0 0 0 0 0 
#qt 021432 0 0 0 0 0 0 0 0 
#qt 021433 0 0 0 0 0 0 0 0 
#qt 021434 0 0 0 0 0 0 0 0 
#qt 021441 2.71321 2.6456 1.90348 2.6815 4.04423 2.6585 2.69681 2.65137 
#qt 021442 0 0 0 0 0 0 0 0 
#qt 021443 2.33424 2.53998 1.28715 0.986405 3.57818 2.62276 1.74569 2.56583 
#qt 021444 0 0 0 0 0 0 0 0 
#qt 022111 0 0 0 0 0 0 0 0 
#qt 022112 0 0 0 0 0 0 0 0 
#qt 022113 0 0 0 0 0 0 0 0 
#qt 022114 0.078495 0.078404 0.0745465 0.0673263 0.077013 0.0624436 0.0796468 0.484184 
#qt 022121 0 0 0 0 0 0 0 0 
#qt 022122 0 0 0 0 0 0 0 0 
#qt 022123 0 0 0 0 0 0 0 0 
#qt 022124 2.93995 3.33071 3.25122 3.31636 4.3613 3.51317 1.28657 3.46971 
#qt 022131 0 0 0 0 0 0 0 0 
#qt 022132 0.169526 0.153587 0.16943 0.171955 0.168255 0.170055 0.924863 0.17158 
#qt 022133 0 0 0 0 0 0 0 0 
#qt 022134 0 0 0 0 0 0 0 0 
#qt 022141 2.87204 2.22116 2.99834 2.8356 3.93494 2.93459 2.89174 2.8233 
#qt 022142 0 0 0 0 0 0 0 0 
#qt 022143 0 0 0 0 0 0 0 0 
#qt 022144 0 0 0 0 0 0 0 0 
#qt 022211 0 0 0 0 0 0 0 0 
#qt 022212 0 0 0 0 0 0 0 0 
#qt 022213 0.161387 0.161442 0.159079 0.140615 0.14266 0.14242 0.159181 0.368906 
#qt 022214 0 0 0 0 0 0 0 0 
#qt 022221 0 0 0 0 0 0 0 0 
#qt 022222 0 0 0 0 0 0 0 0 
#qt 022223 0 0 0 0 0 0 0 0 
#qt 022224 0 0 0 0 0 0 0 0 
#qt 022231 0 0 0 0 0 0 0 0 
#qt 022232 0 0 0 0 0 0 0 0 
#qt 022233 0 0 0 0 0 0 0 0 
#qt 022234 0 0 0 0 0 0 0 0 
#qt 022241 2.24126 2.20976 2.67592 3.04024 3.60797 2.68764 2.79529 2.69853 
#qt 022242 0 0 0 0 0 0 0 0 
#qt 022243 0 0 0 0 0 0 0 0 
#qt 022244 0 0 0 0 0 0 0 0 
#qt 022311 0 0 0 0 0 0 0 0 
#qt 022312 0.0805944 0.0801448 0.0808951 0.0637071 0.0731438 1.21254 0.0808572 0.0803983 
#qt 022313 0 0 0 0 0 0 0 0 
#qt 022314 0 0 0 0 0 0 0 0 
#qt 022321 0 0 0 0 0 0 0 0 
#qt 022322 2.91847 3.10108 1.45706 3.12144 4.21717 0.666281 1.07572 2.26735 
#qt 022323 0 0 0 0 0 0 0 0 
#qt 022324 0 0 0 0 0 0 0 0 
#qt 022331 0 0 0 0 0 0 0 0 
#qt 022332 0 0 0 0 0 0 0 0 
#qt 022333 0 0 0 0 0 0 0 0 
#qt 022334 0 0 0 0 0 0 0 0 
#qt 022341 0 0 0 0 0 0 0 0 
#qt 022342 0 0 0 0 0 0 0 0 
#qt 022343 0 0 0 0 0 0 0 0 
#qt 022344 0 0 0 0 0 0 0 0 
#qt 022411 0 0 0 0 0 0 0 0 
#qt 022412 0 0 0 0 0 0 0 0 
#qt 022413 0 0 0 0 0 0 0 0 
#qt 022414 0 0 0 0 0 0 0 0 
#qt 022421 0 0 0 0 0 0 0 0 
#qt 022422 0 0 0 0 0 0 0 0 
#qt 022423 0 0 0 0 0 0 0 0 
#qt 022424 0 0 0 0 0 0 0 0 
#qt 022431 0 0 0 0 0 0 0 0 
#qt 022432 0 0 0 0 0 0 0 0 
#qt 022433 0 0 0 0 0 0 0 0 
#qt 022434 0 0 0 0 0 0 0 0 
#qt 022441 2.79446 0.987774 1.1471 2.77636 3.32583 2.69538 2.84566 2.30056 
#qt 022442 0 0 0 0 0 0 0 0 
#qt 022443 0 0 0 0 0 0 0 0 
#qt 022444 0 0 0 0 0 0 0 0 
#qt 023111 0 0 0 0 0 0 0 0 
#qt 023112 0 0 0 0 0 0 0 0 
#qt 023113 0 0 0 0 0 0 0 0 
#qt 023114 0 0 0 0 0 0 0 0 
#qt 023121 0 0 0 0 0 0 0 0 
#qt 023122 0.163477 0.143802 0.150537 3.39412 0.162297 0.158767 0.163516 0.161734 
#qt 023123 0 0 0 0 0 0 0 0 
#qt 023124 0 0 0 0 0 0 0 0 
#qt 023131 0 0 0 0 0 0 0 0 
#qt 023132 0 0 0 0 0 0 0 0 
#qt 023133 0 0 0 0 0 0 0 0 
#qt 023134 0 0 0 0 0 0 0 0 
#qt 023141 3.11119 2.39108 3.10653 2.21675 3.70136 2.67609 3.04357 3.10853 
#qt 023142 0 0 0 0 0 0 0 0 
#qt 023143 0 0 0 0 0 0 0 0 
#qt 023144 0 0 0 0 0 0 0 0 
#qt 023211 0 0 0 0 0 0 0 0 
#qt 023212 0 0 0 0 0 0 0 0 
#qt 023213 0 0 0 0 0 0 0 0 
#qt 023214 0 0 0 0 0 0 0 0 
#qt 023221 0 0 0 0 0 0 0 0 
#qt 023222 0 0 0 0 0 0 0 0 
#qt 023223 0 0 0 0 0 0 0 0 
#qt 023224 0 0 0 0 0 0 0 0 
#qt 023231 0 0 0 0 0 0 0 0 
#qt 023232 0 0 0 0 0 0 0 0 
#qt 023233 0 0 0 0 0 0 0 0 
#qt 023234 0 0 0 0 0 0 0 0 
#qt 023241 2.45171 2.87253 2.89369 3.89623 3.31129 3.0608 2.85799 2.68005 
#qt 023242 0 0 0 0 0 0 0 0 
#qt 023243 0 0 0 0 0 0 0 0 
#qt 023244 0 0 0 0 0 0 0 0 
#qt 023311 0 0 0 0 0 0 0 0 
#qt 023312 0 0 0 0 0 0 0 0 
#qt 023313 0 0 0 0 0 0 0 0 
#qt 023314 0 0 0 0 0 0 0 0 
#qt 023321 0 0 0 0 0 0 0 0 
#qt 023322 0 0 0 0 0 0 0 0 
#qt 023323 0 0 0 0 0 0 0 0 
#qt 023324 0 0 0 0 0 0 0 0 
#qt 023331 0 0 0 0 0 0 0 0 
#qt 023332 0 0 0 0 0 0 0 0 
#qt 023333 0 0 0 0 0 0 0 0 
#qt 023334 0 0 0 0 0 0 0 0 
#qt 023341 0 0 0 0 0 0 0 0 
#qt 023342 0 0 0 0 0 0 0 0 
#qt 023343 0 0 0 0 0 0 0 0 
#qt 023344 0 0 0 0 0 0 0 0 
#qt 023411 0 0 0 0 0 0 0 0 
#qt 023412 0 0 0 0 0 0 0 0 
#qt 023413 0 0 0 0 0 0 0 0 
#qt 023414 0 0 0 0 0 0 0 0 
#qt 023421 0 0 0 0 0 0 0 0 
#qt 023422 0 0 0 0 0 0 0 0 
#qt 023423 0 0 0 0 0 0 0 0 
#qt 023424 0 0 0 0 0 0 0 0 
#qt 023431 0 0 0 0 0 0 0 0 
#qt 023432 0 0 0 0 0 0 0 0 
#qt 023433 0 0 0 0 0 0 0 0 
#qt 023434 0 0 0 0 0 0 0 0 
#qt 023441 0 0 0 0 0 0 0 0 
#qt 023442 0 0 0 0 0 0 0 0 
#qt 023443 0 0 0 0 0 0 0 0 
#qt 023444 0 0 0 0 0 0 0 0 
#qt 024111 0 0 0 0 0 0 0 0 
#qt 024112 0 0 0 0 0 0 0 0 
#qt 024113 0 0 0 0 0 0 0 0 
#qt 024114 0 0 0 0 0 0 0 0 
#qt 024121 2.80037 3.05181 3.18722 3.40453 4.15027 2.95312 3.47535 2.56125 
#qt 024122 0 0 0 0 0 0 0 0 
#qt 024123 0 0 0 0 0 0 0 0 
#qt 024124 0 0 0 0 0 0 0 0 
#qt 024131 0 0 0 0 0 0 0 0 
#qt 024132 0 0 0 0 0 0 0 0 
#qt 024133 0 0 0 0 0 0 0 0 
#qt 024134 3.08025 3.10331 3.41324 3.50314 4.91856 2.90134 2.25488 3.5127 
#qt 024141 0 0 0 0 0 0 0 0 
#qt 024142 0 0 0 0 0 0 0 0 
#qt 024143 0 0 0 0 0 0 0 0 
#qt 024144 0 0 0 0 0 0 0 0 
#qt 024211 0 0 0 0 0 0 0 0 
#qt 024212 0 0 0 0 0 0 0 0 
#qt 024213 0 0 0 0 0 0 0 0 
#qt 024214 0 0 0 0 0 0 0 0 
#qt 024221 0 0 0 0 0 0 0 0 
#qt 024222 0 0 0 0 0 0 0 0 
#qt 024223 0 0 0 0 0 0 0 0 
#qt 024224 0 0 0 0 0 0 0 0 
#qt 024231 2.83895 3.08365 1.23421 0.565822 4.13343 2.98901 3.03661 3.15758 
#qt 024232 0 0 0 0 0 0 0 0 
#qt 024233 0 0 0 0 0 0 0 0 
#qt 024234 0 0 0 0 0 0 0 0 
#qt 024241 0 0 0 0 0 0 0 0 
#qt 024242 0 0 0 0 0 0 0 0 
#qt 024243 0 0 0 0 0 0 0 0 
#qt 024244 0 0 0 0 0 0 0 0 
#qt 024311 0 0 0 0 0 0 0 0 
#qt 024312 0.16569 0.149393 0.166774 0.159377 0.168408 0.164613 0.164611 0.266412 
#qt 024313 0 0 0 0 0 0 0 0 
#qt 024314 0 0 0 0 0 0 0 0 
#qt 024321 0 0 0 0 0 0 0 0 
#qt 024322 0 0 0 0 0 0 0 0 
#qt 024323 0 0 0 0 0 0 0 0 
#qt 024324 0 0 0 0 0 0 0 0 
#qt 024331 0 0 0 0 0 0 0 0 
#qt 024332 0 0 0 0 0 0 0 0 
#qt 024333 0 0 0 0 0 0 0 0 
#qt 024334 0 0 0 0 0 0 0 0 
#qt 024341 0 0 0 0 0 0 0 0 
#qt 024342 0 0 0 0 0 0 0 0 
#qt 024343 0 0 0 0 0 0 0 0 
#qt 024344 0 0 0 0 0 0 0 0 
#qt 024411 0 0 0 0 0 0 0 0 
#qt 024412 0 0 0 0 0 0 0 0 
#qt 024413 0 0 0 0 0 0 0 0 
#qt 024414 0 0 0 0 0 0 0 0 
#qt 024421 2.91745 1.43875 0.852385 0.639367 4.20266 3.02417 3.1672 3.36618 
#qt 024422 0 0 0 0 0 0 0 0 
#qt 024423 0 0 0 0 0 0 0 0 
#qt 024424 0 0 0 0 0 0 0 0 
#qt 024431 3.17242 3.0081 3.43508 3.63094 4.86017 3.67385 2.9081 3.49562 
#qt 024432 0 0 0 0 0 0 0 0 
#qt 024433 0 0 0 0 0 0 0 0 
#qt 024434 0 0 0 0 0 0 0 0 
#qt 024441 0 0 0 0 0 0 0 0 
#qt 024442 0 0 0 0 0 0 0 0 
#qt 024443 0 0 0 0 0 0 0 0 
#qt 024444 0 0 0 0 0 0 0 0 
#qt 101111 0 0 0 0 0 0 0 0 
#qt 101112 0 0 0 0 0 0 0 0 
#qt 101113 0 0 0 0 0 0 0 0 
#qt 101114 0 0 0 0 0 0 0 0 
#qt 101121 0 0 0 0 0 0 0 0 
#qt 101122 0 0 0 0 0 0 0 0 
#qt 101123 0 0 0 0 0 0 0 0 
#qt 101124 0.0752637 0.0799062 0.0800765 0.0779033 0.0890012 0.0879664 1.32963 0.0764661 
#qt 101131 0.0387821 0.0527508 0.039371 0.0484845 0.0554045 0.359833 0.0542136 0.0415888 
#qt 101132 0.0481737 0.0528564 0.0492608 0.058425 0.0584654 0.0582618 3.05649 0.0588152 
#qt 101133 0 0 0 0 0 0 0 0 
#qt 101134 0 0 0 0 0 0 0 0 
#qt 101141 0 0 0 0 0 0 0 0 
#qt 101142 2.31665 2.3545 2.18404 2.52362 1.9437 2.21481 3.97281 2.36944 
#qt 101143 0 0 0 0 0 0 0 0 
#qt 101144 0 0 0 0 0 0 0 0 
#qt 101211 0 0 0 0 0 0 0 0 
#qt 101212 0 0 0 0 0 0 0 0 
#qt 101213 0.108065 0.114236 0.115278 0.114192 0.106115 0.115296 1.73846 0.115672 
#qt 101214 0 0 0 0 0 0 0 0 
#qt 101221 0 0 0 0 0 0 0 0 
#qt 101222 0 0 0 0 0 0 0 0 
#qt 101223 0 0 0 0 0 0 0 0 
#qt 101224 0.089562 0.0900579 0.0906392 0.090033 0.0904544 0.0910861 3.22195 0.0790858 
#qt 101231 0 0 0 0 0 0 0 0 
#qt 101232 0 0 0 0 0 0 0 0 
#qt 101233 0 0 0 0 0 0 0 0 
#qt 101234 0 0 0 0 0 0 0 0 
#qt 101241 0 0 0 0 0 0 0 0 
#qt 101242 0 0 0 0 0 0 0 0 
#qt 101243 0 0 0 0 0 0 0 0 
#qt 101244 0 0 0 0 0 0 0 0 
#qt 101311 0 0 0 0 0 0 0 0 
#qt 101312 2.63669 2.45089 2.39938 2.80826 2.56022 3.00264 4.30524 3.15026 
#qt 101313 0 0 0 0 0 0 0 0 
#qt 101314 0 0 0 0 0 0 0 0 
#qt 101321 0 0 0 0 0 0 0 0 
#qt 101322 0 0 0 0 0 0 0 0 
#qt 101323 0 0 0 0 0 0 0 0 
#qt 101324 0.0896442 0.0858493 0.0912468 0.0904526 0.0904562 2.47138 0.0910665 0.088073 
#qt 101331 0 0 0 0 0 0 0 0 
#qt 101332 0 0 0 0 0 0 0 0 
#qt 101333 0 0 0 0 0 0 0 0 
#qt 101334 0 0 0 0 0 0 0 0 
#qt 101341 0 0 0 0 0 0 0 0 
#qt 101342 0 0 0 0 0 0 0 0 
#qt 101343 0 0 0 0 0 0 0 0 
#qt 101344 0 0 0 0 0 0 0 0 
#qt 101411 0 0 0 0 0 0 0 0 
#qt 101412 0.0908198 0.0881192 0.0924672 0.0926487 0.0840071 0.0939582 4.17883 0.0751996 
#qt 101413 0 0 0 0 0 0 0 0 
#qt 101414 0 0 0 0 0 0 0 0 
#qt 101421 0 0 0 0 0 0 0 0 
#qt 101422 0 0 0 0 0 0 0 0 
#qt 101423 0 0 0 0 0 0 0 0 
#qt 101424 0 0 0 0 0 0 0 0 
#qt 101431 0 0 0 0 0 0 0 0 
#qt 101432 0 0 0 0 0 0 0 0 
#qt 101433 0 0 0 0 0 0 0 0 
#qt 101434 0 0 0 0 0 0 0 0 
#qt 101441 0.078972 0.0818631 0.094056 0.0908359 0.0936433 0.0928134 0.0782749 0.0809573 
#qt 101442 0 0 0 0 0 0 0 0 
#qt 101443 0.0795433 0.0750315 0.0931906 0.0919347 0.0931369 0.0799266 0.916464 0.0895977 
#qt 101444 0 0 0 0 0 0 0 0 
#qt 102111 0 0 0 0 0 0 0 0 
#qt 102112 0 0 0 0 0 0 0 0 
#qt 102113 0 0 0 0 0 0 0 0 
#qt 102114 0.0898543 0.0715373 0.0845657 0.0794292 0.0850254 0.0708996 0.0895971 0.784162 
#qt 102121 0 0 0 0 0 0 0 0 
#qt 102122 0 0 0 0 0 0 0 0 
#qt 102123 0 0 0 0 0 0 0 0 
#qt 102124 0.114287 0.108374 0.109452 0.0997091 0.11594 0.105272 1.68807 0.10393 
#qt 102131 0 0 0 0 0 0 0 0 
#qt 102132 1.77952 2.0404 1.7321 1.78 1.99589 2.0439 3.78169 2.05224 
#qt 102133 0 0 0 0 0 0 0 0 
#qt 102134 0 0 0 0 0 0 0 0 
#qt 102141 0.0855343 0.0855713 0.0689871 0.0764698 0.0830822 0.0769446 0.0850029 0.0856718 
#qt 102142 0 0 0 0 0 0 0 0 
#qt 102143 0 0 0 0 0 0 0 0 
#qt 102144 0 0 0 0 0 0 0 0 
#qt 102211 0 0 0 0 0 0 0 0 
#qt 102212 0 0 0 0 0 0 0 0 
#qt 102213 0.594179 0.0874135 0.0869111 0.0845835 0.0686837 0.0859854 0.0874604 0.0870595 
#qt 102214 0 0 0 0 0 0 0 0 
#qt 102221 0 0 0 0 0 0 0 0 
#qt 102222 0 0 0 0 0 0 0 0 
#qt 102223 0 0 0 0 0 0 0 0 
#qt 102224 0 0 0 0 0 0 0 0 
#qt 102231 0 0 0 0 0 0 0 0 
#qt 102232 0 0 0 0 0 0 0 0 
#qt 102233 0 0 0 0 0 0 0 0 
#qt 102234 0 0 0 0 0 0 0 0 
#qt 102241 0 0 0 0 0 0 0 0 
#qt 102242 0 0 0 0 0 0 0 0 
#qt 102243 0 0 0 0 0 0 0 0 
#qt 102244 0 0 0 0 0 0 0 0 
#qt 102311 0 0 0 0 0 0 0 0 
#qt 102312 0.0841343 0.0842102 0.0843375 0.0798565 0.0714721 0.0839192 0.083808 2.80942 
#qt 102313 0 0 0 0 0 0 0 0 
#qt 102314 0 0 0 0 0 0 0 0 
#qt 102321 0 0 0 0 0 0 0 0 
#qt 102322 0.114556 0.09638 0.113915 0.109899 0.11297 0.114806 0.114502 2.95784 
#qt 102323 0 0 0 0 0 0 0 0 
#qt 102324 0 0 0 0 0 0 0 0 
#qt 102331 0 0 0 0 0 0 0 0 
#qt 102332 0 0 0 0 0 0 0 0 
#qt 102333 0 0 0 0 0 0 0 0 
#qt 102334 0 0 0 0 0 0 0 0 
#qt 102341 0 0 0 0 0 0 0 0 
#qt 102342 0 0 0 0 0 0 0 0 
#qt 102343 0 0 0 0 0 0 0 0 
#qt 102344 0 0 0 0 0 0 0 0 
#qt 102411 0 0 0 0 0 0 0 0 
#qt 102412 0 0 0 0 0 0 0 0 
#qt 102413 0 0 0 0 0 0 0 0 
#qt 102414 0 0 0 0 0 0 0 0 
#qt 102421 0 0 0 0 0 0 0 0 
#qt 102422 0 0 0 0 0 0 0 0 
#qt 102423 0 0 0 0 0 0 0 0 
#qt 102424 0 0 0 0 0 0 0 0 
#qt 102431 0 0 0 0 0 0 0 0 
#qt 102432 0 0 0 0 0 0 0 0 
#qt 102433 0 0 0 0 0 0 0 0 
#qt 102434 0 0 0 0 0 0 0 0 
#qt 102441 2.44001 0.0828825 0.08321 0.0753035 0.0832567 0.070514 0.0787181 0.0834158 
#qt 102442 0 0 0 0 0 0 0 0 
#qt 102443 0 0 0 0 0 0 0 0 
#qt 102444 0 0 0 0 0 0 0 0 
#qt 103111 0.228624 0.0954128 0.0950656 0.104157 0.103519 0.099364 0.100306 0.106361 
#qt 103112 0.254441 0.110482 0.100626 0.103337 0.0978491 0.106824 0.110386 0.110829 
#qt 103113 0 0 0 0 0 0 0 0 
#qt 103114 0 0 0 0 0 0 0 0 
#qt 103121 0 0 0 0 0 0 0 0 
#qt 103122 2.68421 3.02248 3.08629 1.70091 2.54702 2.512 4.2534 2.76143 
#qt 103123 0 0 0 0 0 0 0 0 
#qt 103124 0 0 0 0 0 0 0 0 
#qt 103131 0 0 0 0 0 0 0 0 
#qt 103132 0 0 0 0 0 0 0 0 
#qt 103133 0 0 0 0 0 0 0 0 
#qt 103134 0 0 0 0 0 0 0 0 
#qt 103141 1.3821 0.0632476 0.0608248 0.0770726 0.0767397 0.0596721 0.0742667 0.061703 
#qt 103142 0 0 0 0 0 0 0 0 
#qt 103143 0 0 0 0 0 0 0 0 
#qt 103144 0 0 0 0 0 0 0 0 
#qt 103211 0 0 0 0 0 0 0 0 
#qt 103212 0 0 0 0 0 0 0 0 
#qt 103213 0 0 0 0 0 0 0 0 
#qt 103214 0 0 0 0 0 0 0 0 
#qt 103221 0 0 0 0 0 0 0 0 
#qt 103222 0 0 0 0 0 0 0 0 
#qt 103223 0 0 0 0 0 0 0 0 
#qt 103224 0 0 0 0 0 0 0 0 
#qt 103231 0 0 0 0 0 0 0 0 
#qt 103232 0 0 0 0 0 0 0 0 
#qt 103233 0 0 0 0 0 0 0 0 
#qt 103234 0 0 0 0 0 0 0 0 
#qt 103241 0 0 0 0 0 0 0 0 
#qt 103242 0 0 0 0 0 0 0 0 
#qt 103243 0 0 0 0 0 0 0 0 
#qt 103244 0 0 0 0 0 0 0 0 
#qt 103311 0 0 0 0 0 0 0 0 
#qt 103312 0 0 0 0 0 0 0 0 
#qt 103313 0 0 0 0 0 0 0 0 
#qt 103314 0 0 0 0 0 0 0 0 
#qt 103321 0 0 0 0 0 0 0 0 
#qt 103322 0 0 0 0 0 0 0 0 
#qt 103323 0 0 0 0 0 0 0 0 
#qt 103324 0 0 0 0 0 0 0 0 
#qt 103331 0 0 0 0 0 0 0 0 
#qt 103332 0 0 0 0 0 0 0 0 
#qt 103333 0 0 0 0 0 0 0 0 
#qt 103334 0 0 0 0 0 0 0 0 
#qt 103341 0 0 0 0 0 0 0 0 
#qt 103342 0 0 0 0 0 0 0 0 
#qt 103343 0 0 0 0 0 0 0 0 
#qt 103344 0 0 0 0 0 0 0 0 
#qt 103411 0 0 0 0 0 0 0 0 
#qt 103412 0 0 0 0 0 0 0 0 
#qt 103413 0 0 0 0 0 0 0 0 
#qt 103414 0 0 0 0 0 0 0 0 
#qt 103421 0 0 0 0 0 0 0 0 
#qt 103422 0 0 0 0 0 0 0 0 
#qt 103423 0 0 0 0 0 0 0 0 
#qt 103424 0 0 0 0 0 0 0 0 
#qt 103431 0 0 0 0 0 0 0 0 
#qt 103432 0 0 0 0 0 0 0 0 
#qt 103433 0 0 0 0 0 0 0 0 
#qt 103434 0 0 0 0 0 0 0 0 
#qt 103441 0 0 0 0 0 0 0 0 
#qt 103442 0 0 0 0 0 0 0 0 
#qt 103443 0 0 0 0 0 0 0 0 
#qt 103444 0 0 0 0 0 0 0 0 
#qt 104111 0 0 0 0 0 0 0 0 
#qt 104112 0 0 0 0 0 0 0 0 
#qt 104113 0 0 0 0 0 0 0 0 
#qt 104114 0.172881 0.161986 0.163758 0.174209 0.170759 0.167473 2.87607 0.165914 
#qt 104121 2.14475 2.32938 2.26135 2.52058 1.319 1.61775 2.36816 3.20493 
#qt 104122 0 0 0 0 0 0 0 0 
#qt 104123 0 0 0 0 0 0 0 0 
#qt 104124 0 0 0 0 0 0 0 0 
#qt 104131 0 0 0 0 0 0 0 0 
#qt 104132 0 0 0 0 0 0 0 0 
#qt 104133 0 0 0 0 0 0 0 0 
#qt 104134 0.822546 3.4261 3.44467 3.32698 1.5143 2.94854 4.88562 3.21362 
#qt 104141 0 0 0 0 0 0 0 0 
#qt 104142 0 0 0 0 0 0 0 0 
#qt 104143 0 0 0 0 0 0 0 0 
#qt 104144 0 0 0 0 0 0 0 0 
#qt 104211 0.11039 0.109265 0.108413 0.106406 0.0968764 0.100344 0.10887 0.108819 
#qt 104212 0 0 0 0 0 0 0 0 
#qt 104213 0 0 0 0 0 0 0 0 
#qt 104214 0 0 0 0 0 0 0 0 
#qt 104221 0 0 0 0 0 0 0 0 
#qt 104222 0 0 0 0 0 0 0 0 
#qt 104223 0 0 0 0 0 0 0 0 
#qt 104224 0 0 0 0 0 0 0 0 
#qt 104231 1.0575 0.0576288 0.0580964 0.057996 0.0584652 0.0465977 0.0467878 0.0501196 
#qt 104232 0 0 0 0 0 0 0 0 
#qt 104233 0 0 0 0 0 0 0 0 
#qt 104234 0 0 0 0 0 0 0 0 
#qt 104241 0 0 0 0 0 0 0 0 
#qt 104242 0 0 0 0 0 0 0 0 
#qt 104243 0 0 0 0 0 0 0 0 
#qt 104244 0 0 0 0 0 0 0 0 
#qt 104311 0 0 0 0 0 0 0 0 
#qt 104312 2.87333 3.18805 2.5844 2.934 3.10594 2.88518 4.25512 2.69941 
#qt 104313 0 0 0 0 0 0 0 0 
#qt 104314 0 0 0 0 0 0 0 0 
#qt 104321 0 0 0 0 0 0 0 0 
#qt 104322 0 0 0 0 0 0 0 0 
#qt 104323 0 0 0 0 0 0 0 0 
#qt 104324 0 0 0 0 0 0 0 0 
#qt 104331 0 0 0 0 0 0 0 0 
#qt 104332 0 0 0 0 0 0 0 0 
#qt 104333 0 0 0 0 0 0 0 0 
#qt 104334 0 0 0 0 0 0 0 0 
#qt 104341 0 0 0 0 0 0 0 0 
#qt 104342 0 0 0 0 0 0 0 0 
#qt 104343 0 0 0 0 0 0 0 0 
#qt 104344 0 0 0 0 0 0 0 0 
#qt 104411 0 0 0 0 0 0 0 0 
#qt 104412 0 0 0 0 0 0 0 0 
#qt 104413 0 0 0 0 0 0 0 0 
#qt 104414 0 0 0 0 0 0 0 0 
#qt 104421 0.118194 0.611589 0.116128 0.118903 0.116057 0.10256 0.104728 0.105734 
#qt 104422 0 0 0 0 0 0 0 0 
#qt 104423 0 0 0 0 0 0 0 0 
#qt 104424 0 0 0 0 0 0 0 0 
#qt 104431 0 0 0 0 0 0 0 0 
#qt 104432 0 0 0 0 0 0 0 0 
#qt 104433 0 0 0 0 0 0 0 0 
#qt 104434 0 0 0 0 0 0 0 0 
#qt 104441 0 0 0 0 0 0 0 0 
#qt 104442 0 0 0 0 0 0 0 0 
#qt 104443 0 0 0 0 0 0 0 0 
#qt 104444 0 0 0 0 0 0 0 0 
#qt 111111 0 0 0 0 0 0 0 0 
#qt 111112 0 0 0 0 0 0 0 0 
#qt 111113 0 0 0 0 0 0 0 0 
#qt 111114 0 0 0 0 0 0 0 0 
#qt 111121 0 0 0 0 0 0 0 0 
#qt 111122 0 0 0 0 0 0 0 0 
#qt 111123 0 0 0 0 0 0 0 0 
#qt 111124 0 0 0 0 0 0 0 0 
#qt 111131 0.0581146 0.053396 0.0676331 0.0604612 0.0699728 0.0723214 0.0595888 0.0579373 
#qt 111132 0.0736631 0.0765513 0.0654214 0.0757534 0.0752656 0.0754429 0.074662 3.97935 
#qt 111133 0 0 0 0 0 0 0 0 
#qt 111134 0 0 0 0 0 0 0 0 
#qt 111141 0 0 0 0 0 0 0 0 
#qt 111142 0 0 0 0 0 0 0 0 
#qt 111143 0 0 0 0 0 0 0 0 
#qt 111144 0 0 0 0 0 0 0 0 
#qt 111211 0 0 0 0 0 0 0 0 
#qt 111212 0 0 0 0 0 0 0 0 
#qt 111213 0.0439307 0.0566205 0.0558113 0.0564255 0.0502766 0.056509 2.38945 0.0570873 
#qt 111214 0 0 0 0 0 0 0 0 
#qt 111221 0 0 0 0 0 0 0 0 
#qt 111222 0 0 0 0 0 0 0 0 
#qt 111223 0 0 0 0 0 0 0 0 
#qt 111224 0 0 0 0 0 0 0 0 
#qt 111231 0 0 0 0 0 0 0 0 
#qt 111232 0 0 0 0 0 0 0 0 
#qt 111233 0 0 0 0 0 0 0 0 
#qt 111234 0 0 0 0 0 0 0 0 
#qt 111241 0 0 0 0 0 0 0 0 
#qt 111242 0 0 0 0 0 0 0 0 
#qt 111243 0 0 0 0 0 0 0 0 
#qt 111244 0 0 0 0 0 0 0 0 
#qt 111311 0 0 0 0 0 0 0 0 
#qt 111312 2.38621 2.52928 1.2316 2.31746 2.56625 2.54236 2.39298 4.01872 
#qt 111313 0 0 0 0 0 0 0 0 
#qt 111314 0 0 0 0 0 0 0 0 
#qt 111321 0 0 0 0 0 0 0 0 
#qt 111322 0 0 0 0 0 0 0 0 
#qt 111323 0 0 0 0 0 0 0 0 
#qt 111324 0 0 0 0 0 0 0 0 
#qt 111331 0 0 0 0 0 0 0 0 
#qt 111332 0 0 0 0 0 0 0 0 
#qt 111333 0 0 0 0 0 0 0 0 
#qt 111334 0 0 0 0 0 0 0 0 
#qt 111341 0 0 0 0 0 0 0 0 
#qt 111342 0 0 0 0 0 0 0 0 
#qt 111343 0 0 0 0 0 0 0 0 
#qt 111344 0 0 0 0 0 0 0 0 
#qt 111411 0 0 0 0 0 0 0 0 
#qt 111412 0 0 0 0 0 0 0 0 
#qt 111413 0 0 0 0 0 0 0 0 
#qt 111414 0 0 0 0 0 0 0 0 
#qt 111421 0 0 0 0 0 0 0 0 
#qt 111422 0 0 0 0 0 0 0 0 
#qt 111423 0 0 0 0 0 0 0 0 
#qt 111424 0 0 0 0 0 0 0 0 
#qt 111431 0 0 0 0 0 0 0 0 
#qt 111432 0 0 0 0 0 0 0 0 
#qt 111433 0 0 0 0 0 0 0 0 
#qt 111434 0 0 0 0 0 0 0 0 
#qt 111441 0 0 0 0 0 0 0 0 
#qt 111442 0 0 0 0 0 0 0 0 
#qt 111443 0 0 0 0 0 0 0 0 
#qt 111444 0 0 0 0 0 0 0 0 
#qt 112111 0 0 0 0 0 0 0 0 
#qt 112112 0 0 0 0 0 0 0 0 
#qt 112113 0 0 0 0 0 0 0 0 
#qt 112114 0.0903637 0.0868456 0.0797296 0.0833416 0.0797124 0.0716173 0.0906827 1.54231 
#qt 112121 0 0 0 0 0 0 0 0 
#qt 112122 0 0 0 0 0 0 0 0 
#qt 112123 0 0 0 0 0 0 0 0 
#qt 112124 0.0677201 0.0404734 0.0426117 0.0478232 0.0546262 0.0511205 0.0549579 0.0413386 
#qt 112131 0 0 0 0 0 0 0 0 
#qt 112132 2.2115 2.30797 2.40989 2.29805 2.13577 1.87059 2.27568 3.98738 
#qt 112133 0 0 0 0 0 0 0 0 
#qt 112134 0 0 0 0 0 0 0 0 
#qt 112141 0.0946687 0.0940022 0.0897484 0.0856781 0.156525 0.0945166 0.0914084 0.0938568 
#qt 112142 0 0 0 0 0 0 0 0 
#qt 112143 0 0 0 0 0 0 0 0 
#qt 112144 0 0 0 0 0 0 0 0 
#qt 112211 0 0 0 0 0 0 0 0 
#qt 112212 0 0 0 0 0 0 0 0 
#qt 112213 0.829614 0.0894503 0.0894015 0.0853232 0.0809526 0.0850417 0.0906042 0.0904748 
#qt 112214 0 0 0 0 0 0 0 0 
#qt 112221 0 0 0 0 0 0 0 0 
#qt 112222 0 0 0 0 0 0 0 0 
#qt 112223 0 0 0 0 0 0 0 0 
#qt 112224 0 0 0 0 0 0 0 0 
#qt 112231 0 0 0 0 0 0 0 0 
#qt 112232 0 0 0 0 0 0 0 0 
#qt 112233 0 0 0 0 0 0 0 0 
#qt 112234 0 0 0 0 0 0 0 0 
#qt 112241 0 0 0 0 0 0 0 0 
#qt 112242 0 0 0 0 0 0 0 0 
#qt 112243 0 0 0 0 0 0 0 0 
#qt 112244 0 0 0 0 0 0 0 0 
#qt 112311 0 0 0 0 0 0 0 0 
#qt 112312 0.0909237 0.0912339 0.0918684 0.0785973 0.0821574 0.0915579 1.10565 0.0918458 
#qt 112313 0 0 0 0 0 0 0 0 
#qt 112314 0 0 0 0 0 0 0 0 
#qt 112321 0 0 0 0 0 0 0 0 
#qt 112322 1.6056 0.0459254 0.0579847 0.0444558 0.0577236 0.0573364 0.0578347 0.0578964 
#qt 112323 0 0 0 0 0 0 0 0 
#qt 112324 0 0 0 0 0 0 0 0 
#qt 112331 0 0 0 0 0 0 0 0 
#qt 112332 0 0 0 0 0 0 0 0 
#qt 112333 0 0 0 0 0 0 0 0 
#qt 112334 0 0 0 0 0 0 0 0 
#qt 112341 0 0 0 0 0 0 0 0 
#qt 112342 0 0 0 0 0 0 0 0 
#qt 112343 0 0 0 0 0 0 0 0 
#qt 112344 0 0 0 0 0 0 0 0 
#qt 112411 0 0 0 0 0 0 0 0 
#qt 112412 0 0 0 0 0 0 0 0 
#qt 112413 0 0 0 0 0 0 0 0 
#qt 112414 0 0 0 0 0 0 0 0 
#qt 112421 0 0 0 0 0 0 0 0 
#qt 112422 0 0 0 0 0 0 0 0 
#qt 112423 0 0 0 0 0 0 0 0 
#qt 112424 0 0 0 0 0 0 0 0 
#qt 112431 0 0 0 0 0 0 0 0 
#qt 112432 0 0 0 0 0 0 0 0 
#qt 112433 0 0 0 0 0 0 0 0 
#qt 112434 0 0 0 0 0 0 0 0 
#qt 112441 0.0916216 0.0923674 0.0922102 0.090986 0.090097 0.0919431 0.0863837 4.19127 
#qt 112442 0 0 0 0 0 0 0 0 
#qt 112443 0 0 0 0 0 0 0 0 
#qt 112444 0 0 0 0 0 0 0 0 
#qt 113111 0.0553343 0.0379601 0.0487567 0.0391348 0.0551944 0.0475895 0.0388307 1.09838 
#qt 113112 0.834569 0.0569862 0.0442502 0.0451956 0.0519443 0.0472598 0.057054 0.0568369 
#qt 113113 0 0 0 0 0 0 0 0 
#qt 113114 0 0 0 0 0 0 0 0 
#qt 113121 0 0 0 0 0 0 0 0 
#qt 113122 2.90442 3.02765 2.91053 1.5582 2.4541 2.72541 3.0262 3.88179 
#qt 113123 0 0 0 0 0 0 0 0 
#qt 113124 0 0 0 0 0 0 0 0 
#qt 113131 0 0 0 0 0 0 0 0 
#qt 113132 0 0 0 0 0 0 0 0 
#qt 113133 0 0 0 0 0 0 0 0 
#qt 113134 0 0 0 0 0 0 0 0 
#qt 113141 1.4911 0.0669662 0.0652841 0.068384 0.0779392 0.0776404 0.0637308 0.0695398 
#qt 113142 0 0 0 0 0 0 0 0 
#qt 113143 0 0 0 0 0 0 0 0 
#qt 113144 0 0 0 0 0 0 0 0 
#qt 113211 0 0 0 0 0 0 0 0 
#qt 113212 0 0 0 0 0 0 0 0 
#qt 113213 0 0 0 0 0 0 0 0 
#qt 113214 0 0 0 0 0 0 0 0 
#qt 113221 0 0 0 0 0 0 0 0 
#qt 113222 0 0 0 0 0 0 0 0 
#qt 113223 0 0 0 0 0 0 0 0 
#qt 113224 0 0 0 0 0 0 0 0 
#qt 113231 0 0 0 0 0 0 0 0 
#qt 113232 0 0 0 0 0 0 0 0 
#qt 113233 0 0 0 0 0 0 0 0 
#qt 113234 0 0 0 0 0 0 0 0 
#qt 113241 0 0 0 0 0 0 0 0 
#qt 113242 0 0 0 0 0 0 0 0 
#qt 113243 0 0 0 0 0 0 0 0 
#qt 113244 0 0 0 0 0 0 0 0 
#qt 113311 0 0 0 0 0 0 0 0 
#qt 113312 0 0 0 0 0 0 0 0 
#qt 113313 0 0 0 0 0 0 0 0 
#qt 113314 0 0 0 0 0 0 0 0 
#qt 113321 0 0 0 0 0 0 0 0 
#qt 113322 0 0 0 0 0 0 0 0 
#qt 113323 0 0 0 0 0 0 0 0 
#qt 113324 0 0 0 0 0 0 0 0 
#qt 113331 0 0 0 0 0 0 0 0 
#qt 113332 0 0 0 0 0 0 0 0 
#qt 113333 0 0 0 0 0 0 0 0 
#qt 113334 0 0 0 0 0 0 0 0 
#qt 113341 0 0 0 0 0 0 0 0 
#qt 113342 0 0 0 0 0 0 0 0 
#qt 113343 0 0 0 0 0 0 0 0 
#qt 113344 0 0 0 0 0 0 0 0 
#qt 113411 0 0 0 0 0 0 0 0 
#qt 113412 0 0 0 0 0 0 0 0 
#qt 113413 0 0 0 0 0 0 0 0 
#qt 113414 0 0 0 0 0 0 0 0 
#qt 113421 0 0 0 0 0 0 0 0 
#qt 113422 0 0 0 0 0 0 0 0 
#qt 113423 0 0 0 0 0 0 0 0 
#qt 113424 0 0 0 0 0 0 0 0 
#qt 113431 0 0 0 0 0 0 0 0 
#qt 113432 0 0 0 0 0 0 0 0 
#qt 113433 0 0 0 0 0 0 0 0 
#qt 113434 0 0 0 0 0 0 0 0 
#qt 113441 0 0 0 0 0 0 0 0 
#qt 113442 0 0 0 0 0 0 0 0 
#qt 113443 0 0 0 0 0 0 0 0 
#qt 113444 0 0 0 0 0 0 0 0 
#qt 114111 0 0 0 0 0 0 0 0 
#qt 114112 0 0 0 0 0 0 0 0 
#qt 114113 0 0 0 0 0 0 0 0 
#qt 114114 1.26581 0.0994227 0.102879 0.101095 0.0972436 0.0948528 0.105703 0.0893781 
#qt 114121 3.45617 0.0913448 0.105429 0.106105 0.10805 0.109361 0.0794097 0.108646 
#qt 114122 0 0 0 0 0 0 0 0 
#qt 114123 0 0 0 0 0 0 0 0 
#qt 114124 0 0 0 0 0 0 0 0 
#qt 114131 0 0 0 0 0 0 0 0 
#qt 114132 0 0 0 0 0 0 0 0 
#qt 114133 0 0 0 0 0 0 0 0 
#qt 114134 0.106744 0.0890518 0.104812 0.0904867 0.106466 0.0881065 1.85149 0.0938634 
#qt 114141 0 0 0 0 0 0 0 0 
#qt 114142 0 0 0 0 0 0 0 0 
#qt 114143 0 0 0 0 0 0 0 0 
#qt 114144 0 0 0 0 0 0 0 0 
#qt 114211 0.0569681 0.39169 0.0570848 0.0464386 0.0472672 0.0573374 0.0565345 0.0535607 
#qt 114212 0 0 0 0 0 0 0 0 
#qt 114213 0 0 0 0 0 0 0 0 
#qt 114214 0 0 0 0 0 0 0 0 
#qt 114221 0 0 0 0 0 0 0 0 
#qt 114222 0 0 0 0 0 0 0 0 
#qt 114223 0 0 0 0 0 0 0 0 
#qt 114224 0 0 0 0 0 0 0 0 
#qt 114231 0.075322 0.0653302 0.0808215 0.0764809 0.0760407 0.0594767 0.0644418 0.066852 
#qt 114232 0 0 0 0 0 0 0 0 
#qt 114233 0 0 0 0 0 0 0 0 
#qt 114234 0 0 0 0 0 0 0 0 
#qt 114241 0 0 0 0 0 0 0 0 
#qt 114242 0 0 0 0 0 0 0 0 
#qt 114243 0 0 0 0 0 0 0 0 
#qt 114244 0 0 0 0 0 0 0 0 
#qt 114311 0 0 0 0 0 0 0 0 
#qt 114312 3.65774 2.58461 1.65938 2.42977 2.88836 2.51989 2.48943 2.87482 
#qt 114313 0 0 0 0 0 0 0 0 
#qt 114314 0 0 0 0 0 0 0 0 
#qt 114321 0 0 0 0 0 0 0 0 
#qt 114322 0 0 0 0 0 0 0 0 
#qt 114323 0 0 0 0 0 0 0 0 
#qt 114324 0 0 0 0 0 0 0 0 
#qt 114331 0 0 0 0 0 0 0 0 
#qt 114332 0 0 0 0 0 0 0 0 
#qt 114333 0 0 0 0 0 0 0 0 
#qt 114334 0 0 0 0 0 0 0 0 
#qt 114341 0 0 0 0 0 0 0 0 
#qt 114342 0 0 0 0 0 0 0 0 
#qt 114343 0 0 0 0 0 0 0 0 
#qt 114344 0 0 0 0 0 0 0 0 
#qt 114411 0 0 0 0 0 0 0 0 
#qt 114412 0 0 0 0 0 0 0 0 
#qt 114413 0 0 0 0 0 0 0 0 
#qt 114414 0 0 0 0 0 0 0 0 
#qt 114421 0.0582236 0.0577968 0.058044 0.0571433 0.0574087 0.0431032 0.0497071 0.0427272 
#qt 114422 0 0 0 0 0 0 0 0 
#qt 114423 0 0 0 0 0 0 0 0 
#qt 114424 0 0 0 0 0 0 0 0 
#qt 114431 0 0 0 0 0 0 0 0 
#qt 114432 0 0 0 0 0 0 0 0 
#qt 114433 0 0 0 0 0 0 0 0 
#qt 114434 0 0 0 0 0 0 0 0 
#qt 114441 0 0 0 0 0 0 0 0 
#qt 114442 0 0 0 0 0 0 0 0 
#qt 114443 0 0 0 0 0 0 0 0 
#qt 114444 0 0 0 0 0 0 0 0 
#qt 121111 0 0 0 0 0 0 0 0 
#qt 121112 0 0 0 0 0 0 0 0 
#qt 121113 0 0 0 0 0 0 0 0 
#qt 121114 0 0 0 0 0 0 0 0 
#qt 121121 0 0 0 0 0 0 0 0 
#qt 121122 0 0 0 0 0 0 0 0 
#qt 121123 0 0 0 0 0 0 0 0 
#qt 121124 0.0467124 0.0565667 0.0629864 0.0614354 0.0632325 0.0622927 0.0627281 0.0624803 
#qt 121131 0.0941718 0.0987539 0.0902837 0.103237 0.106013 1.32062 0.0972637 0.0929641 
#qt 121132 0.0941636 0.0981957 0.0992736 0.111643 0.111823 0.111407 0.111794 1.73941 
#qt 121133 0 0 0 0 0 0 0 0 
#qt 121134 0 0 0 0 0 0 0 0 
#qt 121141 0 0 0 0 0 0 0 0 
#qt 121142 2.40243 2.30831 2.27772 2.29498 2.29749 3.40738 2.19623 2.27015 
#qt 121143 0 0 0 0 0 0 0 0 
#qt 121144 0 0 0 0 0 0 0 0 
#qt 121211 0 0 0 0 0 0 0 0 
#qt 121212 0 0 0 0 0 0 0 0 
#qt 121213 0.104498 0.108903 0.109537 0.107979 0.0907236 0.11016 0.109402 3.55862 
#qt 121214 0 0 0 0 0 0 0 0 
#qt 121221 0 0 0 0 0 0 0 0 
#qt 121222 0 0 0 0 0 0 0 0 
#qt 121223 0 0 0 0 0 0 0 0 
#qt 121224 0.0567413 0.0550138 0.0633408 0.0630011 0.0630945 0.0630629 0.115142 0.0627362 
#qt 121231 0 0 0 0 0 0 0 0 
#qt 121232 0 0 0 0 0 0 0 0 
#qt 121233 0 0 0 0 0 0 0 0 
#qt 121234 0 0 0 0 0 0 0 0 
#qt 121241 0 0 0 0 0 0 0 0 
#qt 121242 0 0 0 0 0 0 0 0 
#qt 121243 0 0 0 0 0 0 0 0 
#qt 121244 0 0 0 0 0 0 0 0 
#qt 121311 0 0 0 0 0 0 0 0 
#qt 121312 0 0 0 0 0 0 0 0 
#qt 121313 0 0 0 0 0 0 0 0 
#qt 121314 0 0 0 0 0 0 0 0 
#qt 121321 0 0 0 0 0 0 0 0 
#qt 121322 0 0 0 0 0 0 0 0 
#qt 121323 0 0 0 0 0 0 0 0 
#qt 121324 0.05515 0.049245 0.0635487 0.0635464 0.622053 0.0628764 0.0633693 0.0465189 
#qt 121331 0 0 0 0 0 0 0 0 
#qt 121332 0 0 0 0 0 0 0 0 
#qt 121333 0 0 0 0 0 0 0 0 
#qt 121334 0 0 0 0 0 0 0 0 
#qt 121341 0 0 0 0 0 0 0 0 
#qt 121342 0 0 0 0 0 0 0 0 
#qt 121343 0 0 0 0 0 0 0 0 
#qt 121344 0 0 0 0 0 0 0 0 
#qt 121411 0 0 0 0 0 0 0 0 
#qt 121412 0.0546333 0.0508618 0.0634541 0.0634706 0.0469099 3.41306 0.0635304 0.0505362 
#qt 121413 0 0 0 0 0 0 0 0 
#qt 121414 0 0 0 0 0 0 0 0 
#qt 121421 0 0 0 0 0 0 0 0 
#qt 121422 0 0 0 0 0 0 0 0 
#qt 121423 0 0 0 0 0 0 0 0 
#qt 121424 0 0 0 0 0 0 0 0 
#qt 121431 0 0 0 0 0 0 0 0 
#qt 121432 0 0 0 0 0 0 0 0 
#qt 121433 0 0 0 0 0 0 0 0 
#qt 121434 0 0 0 0 0 0 0 0 
#qt 121441 0.0493741 0.0548908 0.0640729 0.0638741 0.0635601 0.0478054 0.061535 0.0486916 
#qt 121442 0 0 0 0 0 0 0 0 
#qt 121443 0.0570008 0.0479883 0.0628265 0.0732013 0.063213 0.052822 0.0627984 0.06192 
#qt 121444 0 0 0 0 0 0 0 0 
#qt 122111 0 0 0 0 0 0 0 0 
#qt 122112 0 0 0 0 0 0 0 0 
#qt 122113 0 0 0 0 0 0 0 0 
#qt 122114 0.0623443 0.0595959 0.0536495 0.0461545 0.0573262 0.0601504 0.0630091 0.150817 
#qt 122121 0 0 0 0 0 0 0 0 
#qt 122122 0 0 0 0 0 0 0 0 
#qt 122123 0 0 0 0 0 0 0 0 
#qt 122124 0.107662 0.106584 0.0983572 0.0989924 0.108042 0.105172 0.948272 0.102529 
#qt 122131 0 0 0 0 0 0 0 0 
#qt 122132 2.00954 2.33402 2.67564 2.59327 3.66091 2.59515 2.57674 1.97091 
#qt 122133 0 0 0 0 0 0 0 0 
#qt 122134 0 0 0 0 0 0 0 0 
#qt 122141 0.0644591 0.0636715 0.0469683 0.0579316 0.0821255 0.052429 0.0626089 0.0537905 
#qt 122142 0 0 0 0 0 0 0 0 
#qt 122143 0 0 0 0 0 0 0 0 
#qt 122144 0 0 0 0 0 0 0 0 
#qt 122211 0 0 0 0 0 0 0 0 
#qt 122212 0 0 0 0 0 0 0 0 
#qt 122213 0.063258 0.0628432 0.0632055 0.0484408 0.0499546 0.0605886 0.607267 0.0627314 
#qt 122214 0 0 0 0 0 0 0 0 
#qt 122221 0 0 0 0 0 0 0 0 
#qt 122222 0 0 0 0 0 0 0 0 
#qt 122223 0 0 0 0 0 0 0 0 
#qt 122224 0 0 0 0 0 0 0 0 
#qt 122231 0 0 0 0 0 0 0 0 
#qt 122232 0 0 0 0 0 0 0 0 
#qt 122233 0 0 0 0 0 0 0 0 
#qt 122234 0 0 0 0 0 0 0 0 
#qt 122241 0 0 0 0 0 0 0 0 
#qt 122242 0 0 0 0 0 0 0 0 
#qt 122243 0 0 0 0 0 0 0 0 
#qt 122244 0 0 0 0 0 0 0 0 
#qt 122311 0 0 0 0 0 0 0 0 
#qt 122312 0.0634084 0.0629505 0.0632714 0.046453 0.054483 2.51302 0.0629775 0.0636829 
#qt 122313 0 0 0 0 0 0 0 0 
#qt 122314 0 0 0 0 0 0 0 0 
#qt 122321 0 0 0 0 0 0 0 0 
#qt 122322 0.11129 0.0940302 0.11165 0.0970642 0.112398 0.110311 0.111201 1.38337 
#qt 122323 0 0 0 0 0 0 0 0 
#qt 122324 0 0 0 0 0 0 0 0 
#qt 122331 0 0 0 0 0 0 0 0 
#qt 122332 0 0 0 0 0 0 0 0 
#qt 122333 0 0 0 0 0 0 0 0 
#qt 122334 0 0 0 0 0 0 0 0 
#qt 122341 0 0 0 0 0 0 0 0 
#qt 122342 0 0 0 0 0 0 0 0 
#qt 122343 0 0 0 0 0 0 0 0 
#qt 122344 0 0 0 0 0 0 0 0 
#qt 122411 0 0 0 0 0 0 0 0 
#qt 122412 0 0 0 0 0 0 0 0 
#qt 122413 0 0 0 0 0 0 0 0 
#qt 122414 0 0 0 0 0 0 0 0 
#qt 122421 0 0 0 0 0 0 0 0 
#qt 122422 0 0 0 0 0 0 0 0 
#qt 122423 0 0 0 0 0 0 0 0 
#qt 122424 0 0 0 0 0 0 0 0 
#qt 122431 0 0 0 0 0 0 0 0 
#qt 122432 0 0 0 0 0 0 0 0 
#qt 122433 0 0 0 0 0 0 0 0 
#qt 122434 0 0 0 0 0 0 0 0 
#qt 122441 0.0620107 0.0623663 0.0624536 0.0550528 0.0625425 0.0575294 0.0561228 2.78767 
#qt 122442 0 0 0 0 0 0 0 0 
#qt 122443 0 0 0 0 0 0 0 0 
#qt 122444 0 0 0 0 0 0 0 0 
#qt 123111 0 0 0 0 0 0 0 0 
#qt 123112 0 0 0 0 0 0 0 0 
#qt 123113 0 0 0 0 0 0 0 0 
#qt 123114 0 0 0 0 0 0 0 0 
#qt 123121 0 0 0 0 0 0 0 0 
#qt 123122 2.89216 3.24655 3.19679 2.8266 3.39975 4.25062 2.86552 2.73266 
#qt 123123 0 0 0 0 0 0 0 0 
#qt 123124 0 0 0 0 0 0 0 0 
#qt 123131 0 0 0 0 0 0 0 0 
#qt 123132 0 0 0 0 0 0 0 0 
#qt 123133 0 0 0 0 0 0 0 0 
#qt 123134 0 0 0 0 0 0 0 0 
#qt 123141 2.0495 0.057744 0.0551399 0.0596514 0.0593245 0.0608627 0.0466252 0.057948 
#qt 123142 0 0 0 0 0 0 0 0 
#qt 123143 0 0 0 0 0 0 0 0 
#qt 123144 0 0 0 0 0 0 0 0 
#qt 123211 0 0 0 0 0 0 0 0 
#qt 123212 0 0 0 0 0 0 0 0 
#qt 123213 0 0 0 0 0 0 0 0 
#qt 123214 0 0 0 0 0 0 0 0 
#qt 123221 0 0 0 0 0 0 0 0 
#qt 123222 0 0 0 0 0 0 0 0 
#qt 123223 0 0 0 0 0 0 0 0 
#qt 123224 0 0 0 0 0 0 0 0 
#qt 123231 0 0 0 0 0 0 0 0 
#qt 123232 0 0 0 0 0 0 0 0 
#qt 123233 0 0 0 0 0 0 0 0 
#qt 123234 0 0 0 0 0 0 0 0 
#qt 123241 0 0 0 0 0 0 0 0 
#qt 123242 0 0 0 0 0 0 0 0 
#qt 123243 0 0 0 0 0 0 0 0 
#qt 123244 0 0 0 0 0 0 0 0 
#qt 123311 0 0 0 0 0 0 0 0 
#qt 123312 0 0 0 0 0 0 0 0 
#qt 123313 0 0 0 0 0 0 0 0 
#qt 123314 0 0 0 0 0 0 0 0 
#qt 123321 0 0 0 0 0 0 0 0 
#qt 123322 0 0 0 0 0 0 0 0 
#qt 123323 0 0 0 0 0 0 0 0 
#qt 123324 0 0 0 0 0 0 0 0 
#qt 123331 0 0 0 0 0 0 0 0 
#qt 123332 0 0 0 0 0 0 0 0 
#qt 123333 0 0 0 0 0 0 0 0 
#qt 123334 0 0 0 0 0 0 0 0 
#qt 123341 0 0 0 0 0 0 0 0 
#qt 123342 0 0 0 0 0 0 0 0 
#qt 123343 0 0 0 0 0 0 0 0 
#qt 123344 0 0 0 0 0 0 0 0 
#qt 123411 0 0 0 0 0 0 0 0 
#qt 123412 0 0 0 0 0 0 0 0 
#qt 123413 0 0 0 0 0 0 0 0 
#qt 123414 0 0 0 0 0 0 0 0 
#qt 123421 0 0 0 0 0 0 0 0 
#qt 123422 0 0 0 0 0 0 0 0 
#qt 123423 0 0 0 0 0 0 0 0 
#qt 123424 0 0 0 0 0 0 0 0 
#qt 123431 0 0 0 0 0 0 0 0 
#qt 123432 0 0 0 0 0 0 0 0 
#qt 123433 0 0 0 0 0 0 0 0 
#qt 123434 0 0 0 0 0 0 0 0 
#qt 123441 0 0 0 0 0 0 0 0 
#qt 123442 0 0 0 0 0 0 0 0 
#qt 123443 0 0 0 0 0 0 0 0 
#qt 123444 0 0 0 0 0 0 0 0 
#qt 124111 0 0 0 0 0 0 0 0 
#qt 124112 0 0 0 0 0 0 0 0 
#qt 124113 0 0 0 0 0 0 0 0 
#qt 124114 0 0 0 0 0 0 0 0 
#qt 124121 0.171884 0.15721 0.152446 0.165163 0.170244 5.03133 0.171144 0.16796 
#qt 124122 0 0 0 0 0 0 0 0 
#qt 124123 0 0 0 0 0 0 0 0 
#qt 124124 0 0 0 0 0 0 0 0 
#qt 124131 0 0 0 0 0 0 0 0 
#qt 124132 0 0 0 0 0 0 0 0 
#qt 124133 0 0 0 0 0 0 0 0 
#qt 124134 0.162307 0.16034 0.15247 0.155128 4.16234 0.162207 0.164327 0.148379 
#qt 124141 0 0 0 0 0 0 0 0 
#qt 124142 0 0 0 0 0 0 0 0 
#qt 124143 0 0 0 0 0 0 0 0 
#qt 124144 0 0 0 0 0 0 0 0 
#qt 124211 0 0 0 0 0 0 0 0 
#qt 124212 0 0 0 0 0 0 0 0 
#qt 124213 0 0 0 0 0 0 0 0 
#qt 124214 0 0 0 0 0 0 0 0 
#qt 124221 0 0 0 0 0 0 0 0 
#qt 124222 0 0 0 0 0 0 0 0 
#qt 124223 0 0 0 0 0 0 0 0 
#qt 124224 0 0 0 0 0 0 0 0 
#qt 124231 1.29506 0.0965903 0.111421 0.110537 0.110213 0.110238 0.0918207 0.0997616 
#qt 124232 0 0 0 0 0 0 0 0 
#qt 124233 0 0 0 0 0 0 0 0 
#qt 124234 0 0 0 0 0 0 0 0 
#qt 124241 0 0 0 0 0 0 0 0 
#qt 124242 0 0 0 0 0 0 0 0 
#qt 124243 0 0 0 0 0 0 0 0 
#qt 124244 0 0 0 0 0 0 0 0 
#qt 124311 0 0 0 0 0 0 0 0 
#qt 124312 3.05753 3.01685 2.13215 3.07307 3.41796 4.63417 3.12116 2.81046 
#qt 124313 0 0 0 0 0 0 0 0 
#qt 124314 0 0 0 0 0 0 0 0 
#qt 124321 0 0 0 0 0 0 0 0 
#qt 124322 0 0 0 0 0 0 0 0 
#qt 124323 0 0 0 0 0 0 0 0 
#qt 124324 0 0 0 0 0 0 0 0 
#qt 124331 0 0 0 0 0 0 0 0 
#qt 124332 0 0 0 0 0 0 0 0 
#qt 124333 0 0 0 0 0 0 0 0 
#qt 124334 0 0 0 0 0 0 0 0 
#qt 124341 0 0 0 0 0 0 0 0 
#qt 124342 0 0 0 0 0 0 0 0 
#qt 124343 0 0 0 0 0 0 0 0 
#qt 124344 0 0 0 0 0 0 0 0 
#qt 124411 0 0 0 0 0 0 0 0 
#qt 124412 0 0 0 0 0 0 0 0 
#qt 124413 0 0 0 0 0 0 0 0 
#qt 124414 0 0 0 0 0 0 0 0 
#qt 124421 0.112186 0.169191 0.112764 0.111531 0.110344 0.112513 0.100392 0.109228 
#qt 124422 0 0 0 0 0 0 0 0 
#qt 124423 0 0 0 0 0 0 0 0 
#qt 124424 0 0 0 0 0 0 0 0 
#qt 124431 0 0 0 0 0 0 0 0 
#qt 124432 0 0 0 0 0 0 0 0 
#qt 124433 0 0 0 0 0 0 0 0 
#qt 124434 0 0 0 0 0 0 0 0 
#qt 124441 0 0 0 0 0 0 0 0 
#qt 124442 0 0 0 0 0 0 0 0 
#qt 124443 0 0 0 0 0 0 0 0 
#qt 124444 0 0 0 0 0 0 0 0 
#qt 201111 0 0 0 0 0 0 0 0 
#qt 201112 0 0 0 0 0 0 0 0 
#qt 201113 0 0 0 0 0 0 0 0 
#qt 201114 0 0 0 0 0 0 0 0 
#qt 201121 0 0 0 0 0 0 0 0 
#qt 201122 0 0 0 0 0 0 0 0 
#qt 201123 0 0 0 0 0 0 0 0 
#qt 201124 0 0 0 0 0 0 0 0 
#qt 201131 0 0 0 0 0 0 0 0 
#qt 201132 0.19086 0.184803 0.176541 1.33522 0.190233 0.189868 0.188734 0.190988 
#qt 201133 0 0 0 0 0 0 0 0 
#qt 201134 0 0 0 0 0 0 0 0 
#qt 201141 0 0 0 0 0 0 0 0 
#qt 201142 0.0616302 0.0586384 0.060953 0.0675401 0.0721076 0.0730366 1.38412 0.0592437 
#qt 201143 0 0 0 0 0 0 0 0 
#qt 201144 0 0 0 0 0 0 0 0 
#qt 201211 0 0 0 0 0 0 0 0 
#qt 201212 0 0 0 0 0 0 0 0 
#qt 201213 0.063538 0.0879548 0.0693822 0.0698473 0.0589205 0.0753581 0.0698657 0.0534025 
#qt 201214 0 0 0 0 0 0 0 0 
#qt 201221 0 0 0 0 0 0 0 0 
#qt 201222 0 0 0 0 0 0 0 0 
#qt 201223 0 0 0 0 0 0 0 0 
#qt 201224 3.54945 3.35175 4.36641 3.21212 3.19505 3.00611 3.0524 3.15696 
#qt 201231 0 0 0 0 0 0 0 0 
#qt 201232 0 0 0 0 0 0 0 0 
#qt 201233 0 0 0 0 0 0 0 0 
#qt 201234 0 0 0 0 0 0 0 0 
#qt 201241 0.0682602 0.0705768 0.0731667 1.63081 0.072934 0.0654284 0.072782 0.071633 
#qt 201242 0 0 0 0 0 0 0 0 
#qt 201243 0 0 0 0 0 0 0 0 
#qt 201244 0 0 0 0 0 0 0 0 
#qt 201311 0 0 0 0 0 0 0 0 
#qt 201312 0.0585679 0.0612612 0.0699918 0.0562567 0.0657232 0.0592524 0.0704191 0.506226 
#qt 201313 0 0 0 0 0 0 0 0 
#qt 201314 0 0 0 0 0 0 0 0 
#qt 201321 0 0 0 0 0 0 0 0 
#qt 201322 0 0 0 0 0 0 0 0 
#qt 201323 0 0 0 0 0 0 0 0 
#qt 201324 3.1865 3.06326 3.92929 3.20744 3.22812 2.92131 2.8201 3.24689 
#qt 201331 0 0 0 0 0 0 0 0 
#qt 201332 0 0 0 0 0 0 0 0 
#qt 201333 0 0 0 0 0 0 0 0 
#qt 201334 0 0 0 0 0 0 0 0 
#qt 201341 0 0 0 0 0 0 0 0 
#qt 201342 0 0 0 0 0 0 0 0 
#qt 201343 0 0 0 0 0 0 0 0 
#qt 201344 0 0 0 0 0 0 0 0 
#qt 201411 0 0 0 0 0 0 0 0 
#qt 201412 2.15904 2.42821 3.19197 2.20471 2.21895 2.16971 2.23679 2.18627 
#qt 201413 0 0 0 0 0 0 0 0 
#qt 201414 0 0 0 0 0 0 0 0 
#qt 201421 0 0 0 0 0 0 0 0 
#qt 201422 0 0 0 0 0 0 0 0 
#qt 201423 0 0 0 0 0 0 0 0 
#qt 201424 0 0 0 0 0 0 0 0 
#qt 201431 0 0 0 0 0 0 0 0 
#qt 201432 0 0 0 0 0 0 0 0 
#qt 201433 0 0 0 0 0 0 0 0 
#qt 201434 0 0 0 0 0 0 0 0 
#qt 201441 2.06977 2.05049 3.09121 2.05497 2.09886 2.06111 2.05888 2.05497 
#qt 201442 0 0 0 0 0 0 0 0 
#qt 201443 3.19822 2.83907 3.53716 3.19721 2.96709 2.91364 2.70991 3.01983 
#qt 201444 0 0 0 0 0 0 0 0 
#qt 202111 0 0 0 0 0 0 0 0 
#qt 202112 0 0 0 0 0 0 0 0 
#qt 202113 0 0 0 0 0 0 0 0 
#qt 202114 0 0 0 0 0 0 0 0 
#qt 202121 0 0 0 0 0 0 0 0 
#qt 202122 0 0 0 0 0 0 0 0 
#qt 202123 0 0 0 0 0 0 0 0 
#qt 202124 0 0 0 0 0 0 0 0 
#qt 202131 0 0 0 0 0 0 0 0 
#qt 202132 0.151555 0.135127 0.142496 0.154049 1.92558 0.153773 0.155434 0.383731 
#qt 202133 0 0 0 0 0 0 0 0 
#qt 202134 0 0 0 0 0 0 0 0 
#qt 202141 0.16468 2.96148 0.164283 0.155659 0.165866 0.167858 0.447032 0.15034 
#qt 202142 0 0 0 0 0 0 0 0 
#qt 202143 0 0 0 0 0 0 0 0 
#qt 202144 0 0 0 0 0 0 0 0 
#qt 202211 0 0 0 0 0 0 0 0 
#qt 202212 0 0 0 0 0 0 0 0 
#qt 202213 1.30461 0.956692 4.38998 3.63709 3.33564 3.44569 3.15646 2.00782 
#qt 202214 0 0 0 0 0 0 0 0 
#qt 202221 0 0 0 0 0 0 0 0 
#qt 202222 0 0 0 0 0 0 0 0 
#qt 202223 0 0 0 0 0 0 0 0 
#qt 202224 0 0 0 0 0 0 0 0 
#qt 202231 0 0 0 0 0 0 0 0 
#qt 202232 0 0 0 0 0 0 0 0 
#qt 202233 0 0 0 0 0 0 0 0 
#qt 202234 0 0 0 0 0 0 0 0 
#qt 202241 0.155685 0.15271 1.77094 0.155066 0.154576 0.156338 0.148086 0.156623 
#qt 202242 0 0 0 0 0 0 0 0 
#qt 202243 0 0 0 0 0 0 0 0 
#qt 202244 0 0 0 0 0 0 0 0 
#qt 202311 0 0 0 0 0 0 0 0 
#qt 202312 1.78389 1.12447 3.9499 3.46367 3.30874 2.47736 3.19212 2.02833 
#qt 202313 0 0 0 0 0 0 0 0 
#qt 202314 0 0 0 0 0 0 0 0 
#qt 202321 0 0 0 0 0 0 0 0 
#qt 202322 0.149186 0.144245 0.148266 0.145373 0.149766 0.148329 0.149938 2.66779 
#qt 202323 0 0 0 0 0 0 0 0 
#qt 202324 0 0 0 0 0 0 0 0 
#qt 202331 0 0 0 0 0 0 0 0 
#qt 202332 0 0 0 0 0 0 0 0 
#qt 202333 0 0 0 0 0 0 0 0 
#qt 202334 0 0 0 0 0 0 0 0 
#qt 202341 0 0 0 0 0 0 0 0 
#qt 202342 0 0 0 0 0 0 0 0 
#qt 202343 0 0 0 0 0 0 0 0 
#qt 202344 0 0 0 0 0 0 0 0 
#qt 202411 0 0 0 0 0 0 0 0 
#qt 202412 0 0 0 0 0 0 0 0 
#qt 202413 0 0 0 0 0 0 0 0 
#qt 202414 0 0 0 0 0 0 0 0 
#qt 202421 0 0 0 0 0 0 0 0 
#qt 202422 0 0 0 0 0 0 0 0 
#qt 202423 0 0 0 0 0 0 0 0 
#qt 202424 0 0 0 0 0 0 0 0 
#qt 202431 0 0 0 0 0 0 0 0 
#qt 202432 0 0 0 0 0 0 0 0 
#qt 202433 0 0 0 0 0 0 0 0 
#qt 202434 0 0 0 0 0 0 0 0 
#qt 202441 1.98502 1.72209 3.55511 3.157 2.60285 3.34734 3.3708 3.12068 
#qt 202442 0 0 0 0 0 0 0 0 
#qt 202443 0 0 0 0 0 0 0 0 
#qt 202444 0 0 0 0 0 0 0 0 
#qt 203111 0 0 0 0 0 0 0 0 
#qt 203112 0.168344 0.777077 0.148242 0.162674 0.150082 0.159134 0.166499 0.167097 
#qt 203113 0 0 0 0 0 0 0 0 
#qt 203114 0 0 0 0 0 0 0 0 
#qt 203121 0 0 0 0 0 0 0 0 
#qt 203122 0.174898 0.180605 0.171201 2.30043 0.181752 0.182315 0.184418 0.181827 
#qt 203123 0 0 0 0 0 0 0 0 
#qt 203124 0 0 0 0 0 0 0 0 
#qt 203131 0 0 0 0 0 0 0 0 
#qt 203132 0 0 0 0 0 0 0 0 
#qt 203133 0 0 0 0 0 0 0 0 
#qt 203134 0 0 0 0 0 0 0 0 
#qt 203141 3.02672 0.162441 0.16952 0.172251 0.174178 0.175514 0.161649 0.168406 
#qt 203142 0 0 0 0 0 0 0 0 
#qt 203143 0 0 0 0 0 0 0 0 
#qt 203144 0 0 0 0 0 0 0 0 
#qt 203211 0 0 0 0 0 0 0 0 
#qt 203212 0 0 0 0 0 0 0 0 
#qt 203213 0 0 0 0 0 0 0 0 
#qt 203214 0 0 0 0 0 0 0 0 
#qt 203221 0 0 0 0 0 0 0 0 
#qt 203222 0 0 0 0 0 0 0 0 
#qt 203223 0 0 0 0 0 0 0 0 
#qt 203224 0 0 0 0 0 0 0 0 
#qt 203231 0 0 0 0 0 0 0 0 
#qt 203232 0 0 0 0 0 0 0 0 
#qt 203233 0 0 0 0 0 0 0 0 
#qt 203234 0 0 0 0 0 0 0 0 
#qt 203241 1.97407 0.178319 0.189958 0.188928 0.189178 0.174095 0.189565 0.176148 
#qt 203242 0 0 0 0 0 0 0 0 
#qt 203243 0 0 0 0 0 0 0 0 
#qt 203244 0 0 0 0 0 0 0 0 
#qt 203311 0 0 0 0 0 0 0 0 
#qt 203312 0 0 0 0 0 0 0 0 
#qt 203313 0 0 0 0 0 0 0 0 
#qt 203314 0 0 0 0 0 0 0 0 
#qt 203321 0 0 0 0 0 0 0 0 
#qt 203322 0 0 0 0 0 0 0 0 
#qt 203323 0 0 0 0 0 0 0 0 
#qt 203324 0 0 0 0 0 0 0 0 
#qt 203331 0 0 0 0 0 0 0 0 
#qt 203332 0 0 0 0 0 0 0 0 
#qt 203333 0 0 0 0 0 0 0 0 
#qt 203334 0 0 0 0 0 0 0 0 
#qt 203341 0 0 0 0 0 0 0 0 
#qt 203342 0 0 0 0 0 0 0 0 
#qt 203343 0 0 0 0 0 0 0 0 
#qt 203344 0 0 0 0 0 0 0 0 
#qt 203411 0 0 0 0 0 0 0 0 
#qt 203412 0 0 0 0 0 0 0 0 
#qt 203413 0 0 0 0 0 0 0 0 
#qt 203414 0 0 0 0 0 0 0 0 
#qt 203421 0 0 0 0 0 0 0 0 
#qt 203422 0 0 0 0 0 0 0 0 
#qt 203423 0 0 0 0 0 0 0 0 
#qt 203424 0 0 0 0 0 0 0 0 
#qt 203431 0 0 0 0 0 0 0 0 
#qt 203432 0 0 0 0 0 0 0 0 
#qt 203433 0 0 0 0 0 0 0 0 
#qt 203434 0 0 0 0 0 0 0 0 
#qt 203441 0 0 0 0 0 0 0 0 
#qt 203442 0 0 0 0 0 0 0 0 
#qt 203443 0 0 0 0 0 0 0 0 
#qt 203444 0 0 0 0 0 0 0 0 
#qt 204111 0 0 0 0 0 0 0 0 
#qt 204112 0 0 0 0 0 0 0 0 
#qt 204113 0 0 0 0 0 0 0 0 
#qt 204114 0.303379 0.0615526 0.066732 0.0510853 0.0524024 0.0622224 0.0684328 0.0506983 
#qt 204121 0.512555 0.0529142 0.061178 0.0658925 0.0711045 0.0559222 0.0544416 0.0547027 
#qt 204122 0 0 0 0 0 0 0 0 
#qt 204123 0 0 0 0 0 0 0 0 
#qt 204124 0 0 0 0 0 0 0 0 
#qt 204131 0 0 0 0 0 0 0 0 
#qt 204132 0 0 0 0 0 0 0 0 
#qt 204133 0 0 0 0 0 0 0 0 
#qt 204134 0.0874868 0.0810599 0.0861529 0.0690384 0.0883754 0.0789264 0.0887404 0.0812928 
#qt 204141 0 0 0 0 0 0 0 0 
#qt 204142 0 0 0 0 0 0 0 0 
#qt 204143 0 0 0 0 0 0 0 0 
#qt 204144 0 0 0 0 0 0 0 0 
#qt 204211 0.166506 1.69301 0.165815 0.16408 0.149218 0.163046 0.151535 0.166829 
#qt 204212 0 0 0 0 0 0 0 0 
#qt 204213 0 0 0 0 0 0 0 0 
#qt 204214 0 0 0 0 0 0 0 0 
#qt 204221 0 0 0 0 0 0 0 0 
#qt 204222 0 0 0 0 0 0 0 0 
#qt 204223 0 0 0 0 0 0 0 0 
#qt 204224 0 0 0 0 0 0 0 0 
#qt 204231 0.173831 0.172063 0.18507 0.183609 1.59609 0.166888 0.182812 0.168614 
#qt 204232 0 0 0 0 0 0 0 0 
#qt 204233 0 0 0 0 0 0 0 0 
#qt 204234 0 0 0 0 0 0 0 0 
#qt 204241 0 0 0 0 0 0 0 0 
#qt 204242 0 0 0 0 0 0 0 0 
#qt 204243 0 0 0 0 0 0 0 0 
#qt 204244 0 0 0 0 0 0 0 0 
#qt 204311 0 0 0 0 0 0 0 0 
#qt 204312 1.13494 0.140827 0.133237 0.127738 0.11515 0.131329 0.133818 0.132598 
#qt 204313 0 0 0 0 0 0 0 0 
#qt 204314 0 0 0 0 0 0 0 0 
#qt 204321 0 0 0 0 0 0 0 0 
#qt 204322 0 0 0 0 0 0 0 0 
#qt 204323 0 0 0 0 0 0 0 0 
#qt 204324 0 0 0 0 0 0 0 0 
#qt 204331 0 0 0 0 0 0 0 0 
#qt 204332 0 0 0 0 0 0 0 0 
#qt 204333 0 0 0 0 0 0 0 0 
#qt 204334 0 0 0 0 0 0 0 0 
#qt 204341 0 0 0 0 0 0 0 0 
#qt 204342 0 0 0 0 0 0 0 0 
#qt 204343 0 0 0 0 0 0 0 0 
#qt 204344 0 0 0 0 0 0 0 0 
#qt 204411 0.418626 0.059226 0.0695507 0.0666015 0.0578872 0.0548592 0.0651432 0.0456664 
#qt 204412 0 0 0 0 0 0 0 0 
#qt 204413 0 0 0 0 0 0 0 0 
#qt 204414 0 0 0 0 0 0 0 0 
#qt 204421 0.15065 3.44028 0.150618 0.151671 0.150294 0.126816 0.136618 0.13984 
#qt 204422 0 0 0 0 0 0 0 0 
#qt 204423 0 0 0 0 0 0 0 0 
#qt 204424 0 0 0 0 0 0 0 0 
#qt 204431 0.133261 0.734591 0.132528 0.130028 0.132544 0.122463 0.122246 0.113547 
#qt 204432 0 0 0 0 0 0 0 0 
#qt 204433 0 0 0 0 0 0 0 0 
#qt 204434 0 0 0 0 0 0 0 0 
#qt 204441 0 0 0 0 0 0 0 0 
#qt 204442 0 0 0 0 0 0 0 0 
#qt 204443 0 0 0 0 0 0 0 0 
#qt 204444 0 0 0 0 0 0 0 0 
#qt 211111 0 0 0 0 0 0 0 0 
#qt 211112 0 0 0 0 0 0 0 0 
#qt 211113 0 0 0 0 0 0 0 0 
#qt 211114 0 0 0 0 0 0 0 0 
#qt 211121 0 0 0 0 0 0 0 0 
#qt 211122 0 0 0 0 0 0 0 0 
#qt 211123 0 0 0 0 0 0 0 0 
#qt 211124 0 0 0 0 0 0 0 0 
#qt 211131 0 0 0 0 0 0 0 0 
#qt 211132 1.28732 0.614482 0.633876 0.626175 0.6488 1.12732 0.650689 2.69302 
#qt 211133 0 0 0 0 0 0 0 0 
#qt 211134 0 0 0 0 0 0 0 0 
#qt 211141 0 0 0 0 0 0 0 0 
#qt 211142 0 0 0 0 0 0 0 0 
#qt 211143 0 0 0 0 0 0 0 0 
#qt 211144 0 0 0 0 0 0 0 0 
#qt 211211 0 0 0 0 0 0 0 0 
#qt 211212 0 0 0 0 0 0 0 0 
#qt 211213 0.06103 0.0742716 1.31945 0.0742517 0.0580332 0.0725416 0.0738868 0.0670169 
#qt 211214 0 0 0 0 0 0 0 0 
#qt 211221 0 0 0 0 0 0 0 0 
#qt 211222 0 0 0 0 0 0 0 0 
#qt 211223 0 0 0 0 0 0 0 0 
#qt 211224 0 0 0 0 0 0 0 0 
#qt 211231 0 0 0 0 0 0 0 0 
#qt 211232 0 0 0 0 0 0 0 0 
#qt 211233 0 0 0 0 0 0 0 0 
#qt 211234 0 0 0 0 0 0 0 0 
#qt 211241 0 0 0 0 0 0 0 0 
#qt 211242 0 0 0 0 0 0 0 0 
#qt 211243 0 0 0 0 0 0 0 0 
#qt 211244 0 0 0 0 0 0 0 0 
#qt 211311 0 0 0 0 0 0 0 0 
#qt 211312 0.0670438 0.0597418 1.32785 0.0629535 0.0653361 0.296798 0.0759386 0.0759124 
#qt 211313 0 0 0 0 0 0 0 0 
#qt 211314 0 0 0 0 0 0 0 0 
#qt 211321 0 0 0 0 0 0 0 0 
#qt 211322 0 0 0 0 0 0 0 0 
#qt 211323 0 0 0 0 0 0 0 0 
#qt 211324 0 0 0 0 0 0 0 0 
#qt 211331 0 0 0 0 0 0 0 0 
#qt 211332 0 0 0 0 0 0 0 0 
#qt 211333 0 0 0 0 0 0 0 0 
#qt 211334 0 0 0 0 0 0 0 0 
#qt 211341 0 0 0 0 0 0 0 0 
#qt 211342 0 0 0 0 0 0 0 0 
#qt 211343 0 0 0 0 0 0 0 0 
#qt 211344 0 0 0 0 0 0 0 0 
#qt 211411 0 0 0 0 0 0 0 0 
#qt 211412 0 0 0 0 0 0 0 0 
#qt 211413 0 0 0 0 0 0 0 0 
#qt 211414 0 0 0 0 0 0 0 0 
#qt 211421 0 0 0 0 0 0 0 0 
#qt 211422 0 0 0 0 0 0 0 0 
#qt 211423 0 0 0 0 0 0 0 0 
#qt 211424 0 0 0 0 0 0 0 0 
#qt 211431 0 0 0 0 0 0 0 0 
#qt 211432 0 0 0 0 0 0 0 0 
#qt 211433 0 0 0 0 0 0 0 0 
#qt 211434 0 0 0 0 0 0 0 0 
#qt 211441 0 0 0 0 0 0 0 0 
#qt 211442 0 0 0 0 0 0 0 0 
#qt 211443 0 0 0 0 0 0 0 0 
#qt 211444 0 0 0 0 0 0 0 0 
#qt 212111 0 0 0 0 0 0 0 0 
#qt 212112 0 0 0 0 0 0 0 0 
#qt 212113 0 0 0 0 0 0 0 0 
#qt 212114 0 0 0 0 0 0 0 0 
#qt 212121 0 0 0 0 0 0 0 0 
#qt 212122 0 0 0 0 0 0 0 0 
#qt 212123 0 0 0 0 0 0 0 0 
#qt 212124 0 0 0 0 0 0 0 0 
#qt 212131 0 0 0 0 0 0 0 0 
#qt 212132 0.0730419 0.068174 0.0658724 0.068801 1.75826 0.0742839 0.0737936 0.074497 
#qt 212133 0 0 0 0 0 0 0 0 
#qt 212134 0 0 0 0 0 0 0 0 
#qt 212141 2.03432 2.89154 2.35435 1.99627 2.03142 2.12041 1.99021 1.96688 
#qt 212142 0 0 0 0 0 0 0 0 
#qt 212143 0 0 0 0 0 0 0 0 
#qt 212144 0 0 0 0 0 0 0 0 
#qt 212211 0 0 0 0 0 0 0 0 
#qt 212212 0 0 0 0 0 0 0 0 
#qt 212213 2.33242 4.23203 2.42827 2.78608 2.92408 2.53387 2.58464 2.14464 
#qt 212214 0 0 0 0 0 0 0 0 
#qt 212221 0 0 0 0 0 0 0 0 
#qt 212222 0 0 0 0 0 0 0 0 
#qt 212223 0 0 0 0 0 0 0 0 
#qt 212224 0 0 0 0 0 0 0 0 
#qt 212231 0 0 0 0 0 0 0 0 
#qt 212232 0 0 0 0 0 0 0 0 
#qt 212233 0 0 0 0 0 0 0 0 
#qt 212234 0 0 0 0 0 0 0 0 
#qt 212241 0.0735812 0.073399 1.68135 0.0740604 0.0732669 0.0711844 0.0576936 0.059287 
#qt 212242 0 0 0 0 0 0 0 0 
#qt 212243 0 0 0 0 0 0 0 0 
#qt 212244 0 0 0 0 0 0 0 0 
#qt 212311 0 0 0 0 0 0 0 0 
#qt 212312 2.9036 3.96723 2.82166 2.99162 2.83237 2.1637 2.68625 2.59416 
#qt 212313 0 0 0 0 0 0 0 0 
#qt 212314 0 0 0 0 0 0 0 0 
#qt 212321 0 0 0 0 0 0 0 0 
#qt 212322 2.15033 0.165504 0.182984 0.164873 0.178592 0.182055 0.18362 0.182501 
#qt 212323 0 0 0 0 0 0 0 0 
#qt 212324 0 0 0 0 0 0 0 0 
#qt 212331 0 0 0 0 0 0 0 0 
#qt 212332 0 0 0 0 0 0 0 0 
#qt 212333 0 0 0 0 0 0 0 0 
#qt 212334 0 0 0 0 0 0 0 0 
#qt 212341 0 0 0 0 0 0 0 0 
#qt 212342 0 0 0 0 0 0 0 0 
#qt 212343 0 0 0 0 0 0 0 0 
#qt 212344 0 0 0 0 0 0 0 0 
#qt 212411 0 0 0 0 0 0 0 0 
#qt 212412 0 0 0 0 0 0 0 0 
#qt 212413 0 0 0 0 0 0 0 0 
#qt 212414 0 0 0 0 0 0 0 0 
#qt 212421 0 0 0 0 0 0 0 0 
#qt 212422 0 0 0 0 0 0 0 0 
#qt 212423 0 0 0 0 0 0 0 0 
#qt 212424 0 0 0 0 0 0 0 0 
#qt 212431 0 0 0 0 0 0 0 0 
#qt 212432 0 0 0 0 0 0 0 0 
#qt 212433 0 0 0 0 0 0 0 0 
#qt 212434 0 0 0 0 0 0 0 0 
#qt 212441 2.72267 3.56051 2.96742 3.14779 2.42717 2.9947 2.93773 2.69622 
#qt 212442 0 0 0 0 0 0 0 0 
#qt 212443 0 0 0 0 0 0 0 0 
#qt 212444 0 0 0 0 0 0 0 0 
#qt 213111 0 0 0 0 0 0 0 0 
#qt 213112 2.1837 0.148688 0.144778 0.135225 0.136468 0.131767 0.151855 0.152542 
#qt 213113 0 0 0 0 0 0 0 0 
#qt 213114 0 0 0 0 0 0 0 0 
#qt 213121 0 0 0 0 0 0 0 0 
#qt 213122 0.075943 0.0617923 0.0729979 1.87257 0.0746979 0.074579 0.0756883 0.0753056 
#qt 213123 0 0 0 0 0 0 0 0 
#qt 213124 0 0 0 0 0 0 0 0 
#qt 213131 0 0 0 0 0 0 0 0 
#qt 213132 0 0 0 0 0 0 0 0 
#qt 213133 0 0 0 0 0 0 0 0 
#qt 213134 0 0 0 0 0 0 0 0 
#qt 213141 2.9598 0.76644 1.58342 1.09425 0.658571 0.160839 1.61102 1.08749 
#qt 213142 0 0 0 0 0 0 0 0 
#qt 213143 0 0 0 0 0 0 0 0 
#qt 213144 0 0 0 0 0 0 0 0 
#qt 213211 0 0 0 0 0 0 0 0 
#qt 213212 0 0 0 0 0 0 0 0 
#qt 213213 0 0 0 0 0 0 0 0 
#qt 213214 0 0 0 0 0 0 0 0 
#qt 213221 0 0 0 0 0 0 0 0 
#qt 213222 0 0 0 0 0 0 0 0 
#qt 213223 0 0 0 0 0 0 0 0 
#qt 213224 0 0 0 0 0 0 0 0 
#qt 213231 0 0 0 0 0 0 0 0 
#qt 213232 0 0 0 0 0 0 0 0 
#qt 213233 0 0 0 0 0 0 0 0 
#qt 213234 0 0 0 0 0 0 0 0 
#qt 213241 0.0742952 0.0735391 1.94397 0.0738643 0.0735727 0.0679213 0.0574013 0.0594614 
#qt 213242 0 0 0 0 0 0 0 0 
#qt 213243 0 0 0 0 0 0 0 0 
#qt 213244 0 0 0 0 0 0 0 0 
#qt 213311 0 0 0 0 0 0 0 0 
#qt 213312 0 0 0 0 0 0 0 0 
#qt 213313 0 0 0 0 0 0 0 0 
#qt 213314 0 0 0 0 0 0 0 0 
#qt 213321 0 0 0 0 0 0 0 0 
#qt 213322 0 0 0 0 0 0 0 0 
#qt 213323 0 0 0 0 0 0 0 0 
#qt 213324 0 0 0 0 0 0 0 0 
#qt 213331 0 0 0 0 0 0 0 0 
#qt 213332 0 0 0 0 0 0 0 0 
#qt 213333 0 0 0 0 0 0 0 0 
#qt 213334 0 0 0 0 0 0 0 0 
#qt 213341 0 0 0 0 0 0 0 0 
#qt 213342 0 0 0 0 0 0 0 0 
#qt 213343 0 0 0 0 0 0 0 0 
#qt 213344 0 0 0 0 0 0 0 0 
#qt 213411 0 0 0 0 0 0 0 0 
#qt 213412 0 0 0 0 0 0 0 0 
#qt 213413 0 0 0 0 0 0 0 0 
#qt 213414 0 0 0 0 0 0 0 0 
#qt 213421 0 0 0 0 0 0 0 0 
#qt 213422 0 0 0 0 0 0 0 0 
#qt 213423 0 0 0 0 0 0 0 0 
#qt 213424 0 0 0 0 0 0 0 0 
#qt 213431 0 0 0 0 0 0 0 0 
#qt 213432 0 0 0 0 0 0 0 0 
#qt 213433 0 0 0 0 0 0 0 0 
#qt 213434 0 0 0 0 0 0 0 0 
#qt 213441 0 0 0 0 0 0 0 0 
#qt 213442 0 0 0 0 0 0 0 0 
#qt 213443 0 0 0 0 0 0 0 0 
#qt 213444 0 0 0 0 0 0 0 0 
#qt 214111 0 0 0 0 0 0 0 0 
#qt 214112 0 0 0 0 0 0 0 0 
#qt 214113 0 0 0 0 0 0 0 0 
#qt 214114 0.278282 0.0689374 0.0749467 0.061902 0.0728406 0.0626554 0.0722533 0.0719946 
#qt 214121 0.0875043 0.0801422 0.0658578 0.0712636 0.0871214 0.087962 0.0563508 0.0702902 
#qt 214122 0 0 0 0 0 0 0 0 
#qt 214123 0 0 0 0 0 0 0 0 
#qt 214124 0 0 0 0 0 0 0 0 
#qt 214131 0 0 0 0 0 0 0 0 
#qt 214132 0 0 0 0 0 0 0 0 
#qt 214133 0 0 0 0 0 0 0 0 
#qt 214134 2.39815 0.156154 0.146817 0.824749 0.170469 0.154557 0.156862 0.807722 
#qt 214141 0 0 0 0 0 0 0 0 
#qt 214142 0 0 0 0 0 0 0 0 
#qt 214143 0 0 0 0 0 0 0 0 
#qt 214144 0 0 0 0 0 0 0 0 
#qt 214211 2.33779 0.149428 0.150899 0.13142 0.149149 0.133976 0.14216 0.146073 
#qt 214212 0 0 0 0 0 0 0 0 
#qt 214213 0 0 0 0 0 0 0 0 
#qt 214214 0 0 0 0 0 0 0 0 
#qt 214221 0 0 0 0 0 0 0 0 
#qt 214222 0 0 0 0 0 0 0 0 
#qt 214223 0 0 0 0 0 0 0 0 
#qt 214224 0 0 0 0 0 0 0 0 
#qt 214231 2.95141 0.679376 0.670393 0.679054 0.665051 0.646559 0.666862 0.623841 
#qt 214232 0 0 0 0 0 0 0 0 
#qt 214233 0 0 0 0 0 0 0 0 
#qt 214234 0 0 0 0 0 0 0 0 
#qt 214241 0 0 0 0 0 0 0 0 
#qt 214242 0 0 0 0 0 0 0 0 
#qt 214243 0 0 0 0 0 0 0 0 
#qt 214244 0 0 0 0 0 0 0 0 
#qt 214311 0 0 0 0 0 0 0 0 
#qt 214312 1.9283 0.0674964 0.0748398 0.0611812 0.0594035 0.0739313 0.0740926 0.0740864 
#qt 214313 0 0 0 0 0 0 0 0 
#qt 214314 0 0 0 0 0 0 0 0 
#qt 214321 0 0 0 0 0 0 0 0 
#qt 214322 0 0 0 0 0 0 0 0 
#qt 214323 0 0 0 0 0 0 0 0 
#qt 214324 0 0 0 0 0 0 0 0 
#qt 214331 0 0 0 0 0 0 0 0 
#qt 214332 0 0 0 0 0 0 0 0 
#qt 214333 0 0 0 0 0 0 0 0 
#qt 214334 0 0 0 0 0 0 0 0 
#qt 214341 0 0 0 0 0 0 0 0 
#qt 214342 0 0 0 0 0 0 0 0 
#qt 214343 0 0 0 0 0 0 0 0 
#qt 214344 0 0 0 0 0 0 0 0 
#qt 214411 0.0727201 0.0599063 0.894114 0.328706 0.0683955 0.0727701 0.072976 0.195067 
#qt 214412 0 0 0 0 0 0 0 0 
#qt 214413 0 0 0 0 0 0 0 0 
#qt 214414 0 0 0 0 0 0 0 0 
#qt 214421 0.18875 1.72413 0.187685 0.188508 0.189762 0.172586 0.178986 0.171645 
#qt 214422 0 0 0 0 0 0 0 0 
#qt 214423 0 0 0 0 0 0 0 0 
#qt 214424 0 0 0 0 0 0 0 0 
#qt 214431 0.0736848 2.73349 0.07305 0.0593239 0.0725787 0.0686761 0.0605881 0.0625938 
#qt 214432 0 0 0 0 0 0 0 0 
#qt 214433 0 0 0 0 0 0 0 0 
#qt 214434 0 0 0 0 0 0 0 0 
#qt 214441 0 0 0 0 0 0 0 0 
#qt 214442 0 0 0 0 0 0 0 0 
#qt 214443 0 0 0 0 0 0 0 0 
#qt 214444 0 0 0 0 0 0 0 0 
#qt 221111 0 0 0 0 0 0 0 0 
#qt 221112 0 0 0 0 0 0 0 0 
#qt 221113 0 0 0 0 0 0 0 0 
#qt 221114 0 0 0 0 0 0 0 0 
#qt 221121 0 0 0 0 0 0 0 0 
#qt 221122 0 0 0 0 0 0 0 0 
#qt 221123 0 0 0 0 0 0 0 0 
#qt 221124 0 0 0 0 0 0 0 0 
#qt 221131 0 0 0 0 0 0 0 0 
#qt 221132 0.151483 0.143118 0.132399 0.874297 0.151694 0.150329 0.151961 0.149328 
#qt 221133 0 0 0 0 0 0 0 0 
#qt 221134 0 0 0 0 0 0 0 0 
#qt 221141 0 0 0 0 0 0 0 0 
#qt 221142 0.0566047 0.0552538 0.0586624 0.0677313 1.26698 0.0682405 0.0674933 0.0647102 
#qt 221143 0 0 0 0 0 0 0 0 
#qt 221144 0 0 0 0 0 0 0 0 
#qt 221211 0 0 0 0 0 0 0 0 
#qt 221212 0 0 0 0 0 0 0 0 
#qt 221213 0.0716104 1.56527 0.0823857 0.0711788 0.0798216 0.0785253 0.0716889 0.0785536 
#qt 221214 0 0 0 0 0 0 0 0 
#qt 221221 0 0 0 0 0 0 0 0 
#qt 221222 0 0 0 0 0 0 0 0 
#qt 221223 0 0 0 0 0 0 0 0 
#qt 221224 0.0747899 0.0636278 0.0801191 0.0806899 0.693862 0.0812403 0.0801434 0.0640141 
#qt 221231 0 0 0 0 0 0 0 0 
#qt 221232 0 0 0 0 0 0 0 0 
#qt 221233 0 0 0 0 0 0 0 0 
#qt 221234 0 0 0 0 0 0 0 0 
#qt 221241 0.066531 0.0502677 0.0676158 0.0676038 1.3932 0.0676097 0.061085 0.0589414 
#qt 221242 0 0 0 0 0 0 0 0 
#qt 221243 0 0 0 0 0 0 0 0 
#qt 221244 0 0 0 0 0 0 0 0 
#qt 221311 0 0 0 0 0 0 0 0 
#qt 221312 0 0 0 0 0 0 0 0 
#qt 221313 0 0 0 0 0 0 0 0 
#qt 221314 0 0 0 0 0 0 0 0 
#qt 221321 0 0 0 0 0 0 0 0 
#qt 221322 0 0 0 0 0 0 0 0 
#qt 221323 0 0 0 0 0 0 0 0 
#qt 221324 0.0780108 0.0682064 0.0814078 0.0811482 2.30981 0.0812952 0.0813589 0.0648901 
#qt 221331 0 0 0 0 0 0 0 0 
#qt 221332 0 0 0 0 0 0 0 0 
#qt 221333 0 0 0 0 0 0 0 0 
#qt 221334 0 0 0 0 0 0 0 0 
#qt 221341 0 0 0 0 0 0 0 0 
#qt 221342 0 0 0 0 0 0 0 0 
#qt 221343 0 0 0 0 0 0 0 0 
#qt 221344 0 0 0 0 0 0 0 0 
#qt 221411 0 0 0 0 0 0 0 0 
#qt 221412 0.0658162 0.0744377 0.0782052 0.0841523 0.0687326 0.077987 0.0848149 0.0618921 
#qt 221413 0 0 0 0 0 0 0 0 
#qt 221414 0 0 0 0 0 0 0 0 
#qt 221421 0 0 0 0 0 0 0 0 
#qt 221422 0 0 0 0 0 0 0 0 
#qt 221423 0 0 0 0 0 0 0 0 
#qt 221424 0 0 0 0 0 0 0 0 
#qt 221431 0 0 0 0 0 0 0 0 
#qt 221432 0 0 0 0 0 0 0 0 
#qt 221433 0 0 0 0 0 0 0 0 
#qt 221434 0 0 0 0 0 0 0 0 
#qt 221441 0.0592903 0.0635216 0.258042 0.0744102 0.0746067 0.069859 0.0709082 0.0737632 
#qt 221442 0 0 0 0 0 0 0 0 
#qt 221443 0.0637848 0.0744822 0.0797875 0.0818242 0.0798508 0.079685 0.0853672 0.0658597 
#qt 221444 0 0 0 0 0 0 0 0 
#qt 222111 0 0 0 0 0 0 0 0 
#qt 222112 0 0 0 0 0 0 0 0 
#qt 222113 0 0 0 0 0 0 0 0 
#qt 222114 0 0 0 0 0 0 0 0 
#qt 222121 0 0 0 0 0 0 0 0 
#qt 222122 0 0 0 0 0 0 0 0 
#qt 222123 0 0 0 0 0 0 0 0 
#qt 222124 0 0 0 0 0 0 0 0 
#qt 222131 0 0 0 0 0 0 0 0 
#qt 222132 0.0688707 0.0654931 0.0526089 0.0667777 1.36918 0.0703872 0.0702641 0.0698361 
#qt 222133 0 0 0 0 0 0 0 0 
#qt 222134 0 0 0 0 0 0 0 0 
#qt 222141 0.0734689 2.1502 0.0727663 0.0681683 0.0738102 0.0677063 0.0724763 0.0628982 
#qt 222142 0 0 0 0 0 0 0 0 
#qt 222143 0 0 0 0 0 0 0 0 
#qt 222144 0 0 0 0 0 0 0 0 
#qt 222211 0 0 0 0 0 0 0 0 
#qt 222212 0 0 0 0 0 0 0 0 
#qt 222213 0.0805418 0.0811212 0.0797952 0.062341 0.0763671 0.0634586 0.272566 0.0802544 
#qt 222214 0 0 0 0 0 0 0 0 
#qt 222221 0 0 0 0 0 0 0 0 
#qt 222222 0 0 0 0 0 0 0 0 
#qt 222223 0 0 0 0 0 0 0 0 
#qt 222224 0 0 0 0 0 0 0 0 
#qt 222231 0 0 0 0 0 0 0 0 
#qt 222232 0 0 0 0 0 0 0 0 
#qt 222233 0 0 0 0 0 0 0 0 
#qt 222234 0 0 0 0 0 0 0 0 
#qt 222241 0.0699349 0.0694533 0.0693821 1.34492 0.0699823 0.0685242 0.0755964 0.052092 
#qt 222242 0 0 0 0 0 0 0 0 
#qt 222243 0 0 0 0 0 0 0 0 
#qt 222244 0 0 0 0 0 0 0 0 
#qt 222311 0 0 0 0 0 0 0 0 
#qt 222312 0.0815973 0.0828508 0.0828844 0.0829604 0.0646699 0.0828116 0.0818701 0.215441 
#qt 222313 0 0 0 0 0 0 0 0 
#qt 222314 0 0 0 0 0 0 0 0 
#qt 222321 0 0 0 0 0 0 0 0 
#qt 222322 0.195046 0.151967 0.165333 0.147662 0.586657 0.167323 0.169646 0.159164 
#qt 222323 0 0 0 0 0 0 0 0 
#qt 222324 0 0 0 0 0 0 0 0 
#qt 222331 0 0 0 0 0 0 0 0 
#qt 222332 0 0 0 0 0 0 0 0 
#qt 222333 0 0 0 0 0 0 0 0 
#qt 222334 0 0 0 0 0 0 0 0 
#qt 222341 0 0 0 0 0 0 0 0 
#qt 222342 0 0 0 0 0 0 0 0 
#qt 222343 0 0 0 0 0 0 0 0 
#qt 222344 0 0 0 0 0 0 0 0 
#qt 222411 0 0 0 0 0 0 0 0 
#qt 222412 0 0 0 0 0 0 0 0 
#qt 222413 0 0 0 0 0 0 0 0 
#qt 222414 0 0 0 0 0 0 0 0 
#qt 222421 0 0 0 0 0 0 0 0 
#qt 222422 0 0 0 0 0 0 0 0 
#qt 222423 0 0 0 0 0 0 0 0 
#qt 222424 0 0 0 0 0 0 0 0 
#qt 222431 0 0 0 0 0 0 0 0 
#qt 222432 0 0 0 0 0 0 0 0 
#qt 222433 0 0 0 0 0 0 0 0 
#qt 222434 0 0 0 0 0 0 0 0 
#qt 222441 0.0862356 0.079804 0.0794944 0.0667403 0.740573 0.0636391 0.0642968 0.0864964 
#qt 222442 0 0 0 0 0 0 0 0 
#qt 222443 0 0 0 0 0 0 0 0 
#qt 222444 0 0 0 0 0 0 0 0 
#qt 223111 0 0 0 0 0 0 0 0 
#qt 223112 0 0 0 0 0 0 0 0 
#qt 223113 0 0 0 0 0 0 0 0 
#qt 223114 0 0 0 0 0 0 0 0 
#qt 223121 0 0 0 0 0 0 0 0 
#qt 223122 0.0705684 0.0726598 0.0566164 1.41911 0.0762468 0.0758588 0.0752081 0.0707286 
#qt 223123 0 0 0 0 0 0 0 0 
#qt 223124 0 0 0 0 0 0 0 0 
#qt 223131 0 0 0 0 0 0 0 0 
#qt 223132 0 0 0 0 0 0 0 0 
#qt 223133 0 0 0 0 0 0 0 0 
#qt 223134 0 0 0 0 0 0 0 0 
#qt 223141 0.732564 0.0803159 0.0768027 0.0655667 0.0877288 0.0821534 0.0749315 0.0829967 
#qt 223142 0 0 0 0 0 0 0 0 
#qt 223143 0 0 0 0 0 0 0 0 
#qt 223144 0 0 0 0 0 0 0 0 
#qt 223211 0 0 0 0 0 0 0 0 
#qt 223212 0 0 0 0 0 0 0 0 
#qt 223213 0 0 0 0 0 0 0 0 
#qt 223214 0 0 0 0 0 0 0 0 
#qt 223221 0 0 0 0 0 0 0 0 
#qt 223222 0 0 0 0 0 0 0 0 
#qt 223223 0 0 0 0 0 0 0 0 
#qt 223224 0 0 0 0 0 0 0 0 
#qt 223231 0 0 0 0 0 0 0 0 
#qt 223232 0 0 0 0 0 0 0 0 
#qt 223233 0 0 0 0 0 0 0 0 
#qt 223234 0 0 0 0 0 0 0 0 
#qt 223241 0.0696977 0.0707199 0.0705469 0.0702795 1.31569 0.0684721 0.0561369 0.0528591 
#qt 223242 0 0 0 0 0 0 0 0 
#qt 223243 0 0 0 0 0 0 0 0 
#qt 223244 0 0 0 0 0 0 0 0 
#qt 223311 0 0 0 0 0 0 0 0 
#qt 223312 0 0 0 0 0 0 0 0 
#qt 223313 0 0 0 0 0 0 0 0 
#qt 223314 0 0 0 0 0 0 0 0 
#qt 223321 0 0 0 0 0 0 0 0 
#qt 223322 0 0 0 0 0 0 0 0 
#qt 223323 0 0 0 0 0 0 0 0 
#qt 223324 0 0 0 0 0 0 0 0 
#qt 223331 0 0 0 0 0 0 0 0 
#qt 223332 0 0 0 0 0 0 0 0 
#qt 223333 0 0 0 0 0 0 0 0 
#qt 223334 0 0 0 0 0 0 0 0 
#qt 223341 0 0 0 0 0 0 0 0 
#qt 223342 0 0 0 0 0 0 0 0 
#qt 223343 0 0 0 0 0 0 0 0 
#qt 223344 0 0 0 0 0 0 0 0 
#qt 223411 0 0 0 0 0 0 0 0 
#qt 223412 0 0 0 0 0 0 0 0 
#qt 223413 0 0 0 0 0 0 0 0 
#qt 223414 0 0 0 0 0 0 0 0 
#qt 223421 0 0 0 0 0 0 0 0 
#qt 223422 0 0 0 0 0 0 0 0 
#qt 223423 0 0 0 0 0 0 0 0 
#qt 223424 0 0 0 0 0 0 0 0 
#qt 223431 0 0 0 0 0 0 0 0 
#qt 223432 0 0 0 0 0 0 0 0 
#qt 223433 0 0 0 0 0 0 0 0 
#qt 223434 0 0 0 0 0 0 0 0 
#qt 223441 0 0 0 0 0 0 0 0 
#qt 223442 0 0 0 0 0 0 0 0 
#qt 223443 0 0 0 0 0 0 0 0 
#qt 223444 0 0 0 0 0 0 0 0 
#qt 224111 0 0 0 0 0 0 0 0 
#qt 224112 0 0 0 0 0 0 0 0 
#qt 224113 0 0 0 0 0 0 0 0 
#qt 224114 0 0 0 0 0 0 0 0 
#qt 224121 0.265285 0.0655872 0.053866 0.0586207 0.0670389 0.0612695 0.0574901 0.0542965 
#qt 224122 0 0 0 0 0 0 0 0 
#qt 224123 0 0 0 0 0 0 0 0 
#qt 224124 0 0 0 0 0 0 0 0 
#qt 224131 0 0 0 0 0 0 0 0 
#qt 224132 0 0 0 0 0 0 0 0 
#qt 224133 0 0 0 0 0 0 0 0 
#qt 224134 0.0815267 0.0669207 0.0803105 0.0675215 0.0806703 0.054049 0.836362 0.0759457 
#qt 224141 0 0 0 0 0 0 0 0 
#qt 224142 0 0 0 0 0 0 0 0 
#qt 224143 0 0 0 0 0 0 0 0 
#qt 224144 0 0 0 0 0 0 0 0 
#qt 224211 0 0 0 0 0 0 0 0 
#qt 224212 0 0 0 0 0 0 0 0 
#qt 224213 0 0 0 0 0 0 0 0 
#qt 224214 0 0 0 0 0 0 0 0 
#qt 224221 0 0 0 0 0 0 0 0 
#qt 224222 0 0 0 0 0 0 0 0 
#qt 224223 0 0 0 0 0 0 0 0 
#qt 224224 0 0 0 0 0 0 0 0 
#qt 224231 0.148914 0.141949 1.39163 0.149857 0.149366 0.132811 0.135233 0.149553 
#qt 224232 0 0 0 0 0 0 0 0 
#qt 224233 0 0 0 0 0 0 0 0 
#qt 224234 0 0 0 0 0 0 0 0 
#qt 224241 0 0 0 0 0 0 0 0 
#qt 224242 0 0 0 0 0 0 0 0 
#qt 224243 0 0 0 0 0 0 0 0 
#qt 224244 0 0 0 0 0 0 0 0 
#qt 224311 0 0 0 0 0 0 0 0 
#qt 224312 0.0709392 0.0564949 0.0704617 0.054775 0.0590845 0.070991 0.951365 0.0706415 
#qt 224313 0 0 0 0 0 0 0 0 
#qt 224314 0 0 0 0 0 0 0 0 
#qt 224321 0 0 0 0 0 0 0 0 
#qt 224322 0 0 0 0 0 0 0 0 
#qt 224323 0 0 0 0 0 0 0 0 
#qt 224324 0 0 0 0 0 0 0 0 
#qt 224331 0 0 0 0 0 0 0 0 
#qt 224332 0 0 0 0 0 0 0 0 
#qt 224333 0 0 0 0 0 0 0 0 
#qt 224334 0 0 0 0 0 0 0 0 
#qt 224341 0 0 0 0 0 0 0 0 
#qt 224342 0 0 0 0 0 0 0 0 
#qt 224343 0 0 0 0 0 0 0 0 
#qt 224344 0 0 0 0 0 0 0 0 
#qt 224411 0 0 0 0 0 0 0 0 
#qt 224412 0 0 0 0 0 0 0 0 
#qt 224413 0 0 0 0 0 0 0 0 
#qt 224414 0 0 0 0 0 0 0 0 
#qt 224421 0.164887 0.183203 0.165467 0.164631 1.27712 0.154264 0.143101 0.148876 
#qt 224422 0 0 0 0 0 0 0 0 
#qt 224423 0 0 0 0 0 0 0 0 
#qt 224424 0 0 0 0 0 0 0 0 
#qt 224431 0.0709138 1.51786 0.070159 0.0708829 0.0709069 0.0573894 0.0673866 0.0610023 
#qt 224432 0 0 0 0 0 0 0 0 
#qt 224433 0 0 0 0 0 0 0 0 
#qt 224434 0 0 0 0 0 0 0 0 
#qt 224441 0 0 0 0 0 0 0 0 
#qt 224442 0 0 0 0 0 0 0 0 
#qt 224443 0 0 0 0 0 0 0 0 
#qt 224444 0 0 0 0 0 0 0 0 

