#ve 1.01
#ep 10000
#em 10000
#im 500
#rg 1
#rf 0.02
#rb -0.01
#rw -0.1
#xr 0.001
#xm 0.001
#al 0.2
#ga 0.9

#qt 001111 0 0 0 0 0 0 0 0 
#qt 001112 0 0 0 0 0 0 0 0 
#qt 001113 0.807611 0.309372 0.760232 0 0.570138 0.262932 0.29264 2.45817 
#qt 001114 0 0 0 0 0 0 0 0 
#qt 001121 0 0 0 0 0 0 0 0 
#qt 001122 0 0 0 0 0 0 0 0 
#qt 001123 0 2.45678 0.726963 0.414369 0.410319 0 0 1.26403 
#qt 001124 0 0 0 0 0 0 0 0 
#qt 001131 0 0 0 0 0 0 0 0 
#qt 001132 0 0 0 0 0 0 0 0 
#qt 001133 0 0 0 0 0 0 0 0 
#qt 001134 0 0 0 0 0 0 0 0 
#qt 001141 0 0 0 0 0 0 0 0 
#qt 001142 2.11705 0 0.339691 1.02201 0.598784 0 0.394467 1.12166 
#qt 001143 0 0 0 0 0 0 0 0 
#qt 001144 0 0 0 0 0 0 0 0 
#qt 001211 0 0 0 0 0 0 0 0 
#qt 001212 0.195016 0.57685 0 2.40577 0.372455 0.661444 0 0.57685 
#qt 001213 0 0 0 0 0 0 0 0 
#qt 001214 0 0 0 0 0 0 0 0 
#qt 001221 0 0 0 0 0 0 0 0 
#qt 001222 0.708041 0.263074 0.244056 0.196215 0.276454 0.392647 0.212579 2.09102 
#qt 001223 0 0 0 0 0 0 0 0 
#qt 001224 0 0 0 0 0 0 0 0 
#qt 001231 0 0 0 0 0 0 0 0 
#qt 001232 0 0 0 0 0 0 0 0 
#qt 001233 0 0 0 0 0 0 0 0 
#qt 001234 0 0 0 0 0 0 0 0 
#qt 001241 0.595343 0.898533 2.255 0.354625 0.136814 0 0.595343 0.380558 
#qt 001242 0 0 0 0 0 0 0 0 
#qt 001243 0 0 0 0 0 0 0 0 
#qt 001244 0 0 0 0 0 0 0 0 
#qt 001311 0 0 0 0 0 0 0 0 
#qt 001312 0 0 0 0 0 0 0 0 
#qt 001313 0 0 0 0 0 0 0 0 
#qt 001314 0 0 0 0 0 0 0 0 
#qt 001321 0 0 0 0 0 0 0 0 
#qt 001322 0 0 0 0 0 0 0 0 
#qt 001323 0 0 0 0 0 0 0 0 
#qt 001324 0 0 0 0 0 0 0 0 
#qt 001331 0 0 0 0 0 0 0 0 
#qt 001332 0 0 0 0 0 0 0 0 
#qt 001333 0 0 0 0 0 0 0 0 
#qt 001334 0 0 0 0 0 0 0 0 
#qt 001341 0.318256 0 0.530142 0.184 0 2.63372 0 0.422418 
#qt 001342 0 0 0 0 0 0 0 0 
#qt 001343 0 0 0 0 0 0 0 0 
#qt 001344 0 0 0 0 0 0 0 0 
#qt 001411 0 0 0 0 0 0 0 0 
#qt 001412 0 0 0 0 0 0 0 0 
#qt 001413 0.900602 0.390679 0.169858 1.12901 0.386696 2.00911 0.260648 0.57635 
#qt 001414 0 0 0 0 0 0 0 0 
#qt 001421 0 0 0 0 0 0 0 0 
#qt 001422 0 0 0 0 0 0 0 0 
#qt 001423 0 0 0 0 0 0 0 0 
#qt 001424 0 0 0 0 0 0 0 0 
#qt 001431 0 0 0 0 0 0 0 0 
#qt 001432 0 0 0 0 0 0 0 0 
#qt 001433 0 0 0 0 0 0 0 0 
#qt 001434 0 0 0 0 0 0 0 0 
#qt 001441 0 0 0 0 0 0 0 0 
#qt 001442 0 0 0 0 0 0 0 0 
#qt 001443 0 0 0 0 0 0 0 0 
#qt 001444 0 0 0 0 0 0 0 0 
#qt 002111 0 0 0 0 0 0 0 0 
#qt 002112 0 0 0 0 0 0 0 0 
#qt 002113 0 0 0 0 0 0 0 0 
#qt 002114 0.88424 0 1.27973 0.412454 0.951972 2.10434 0.340499 0 
#qt 002121 0 0 0 0 0 0 0 0 
#qt 002122 0 0 0 0 0 0 0 0 
#qt 002123 0 0 0 0 0 0 0 0 
#qt 002124 0 0 0 0 0 0 0 0 
#qt 002131 0.531864 0.104913 0.539812 1.68803 0.296452 0 0 0.472846 
#qt 002132 0.68758 0.538785 0.369873 0 2.15391 0.165516 0 0.494901 
#qt 002133 0 0 0 0 0 0 0 0 
#qt 002134 0 0 0 0 0 0 0 0 
#qt 002141 0 0 0 0 0 0 0 0 
#qt 002142 0 0 0 0 0 0 0 0 
#qt 002143 0 0 0 0 0 0 0 0 
#qt 002144 0 0 0 0 0 0 0 0 
#qt 002211 0 0 0 0 0 0 0 0 
#qt 002212 0 0 0 0 0 0 0 0 
#qt 002213 0 0 0 0 0 0 0 0 
#qt 002214 0.309638 0 0.972475 0 0.958956 1.88665 0.580193 0.493317 
#qt 002221 0 0 0 0 0 0 0 0 
#qt 002222 0 0 0 0 0 0 0 0 
#qt 002223 0 0 0 0 0 0 0 0 
#qt 002224 0 0 0 0 0 0 0 0 
#qt 002231 0.408212 0.425367 0.320141 0.296835 0.88862 2.15534 0.395773 0.269658 
#qt 002232 0 0 0 0 0 0 0 0 
#qt 002233 0 0 0 0 0 0 0 0 
#qt 002234 0 0 0 0 0 0 0 0 
#qt 002241 0 0 0 0 0 0 0 0 
#qt 002242 0 0 0 0 0 0 0 0 
#qt 002243 0 0 0 0 0 0 0 0 
#qt 002244 0 0 0 0 0 0 0 0 
#qt 002311 0 0 0 0 0 0 0 0 
#qt 002312 0 0 0 0 0 0 0 0 
#qt 002313 0 0 0 0 0 0 0 0 
#qt 002314 0 0 0 0 0 0 0 0 
#qt 002321 0 0 0 0 0 0 0 0 
#qt 002322 0 0 0 0 0 0 0 0 
#qt 002323 0 0 0 0 0 0 0 0 
#qt 002324 0 0 0 0 0 0 0 0 
#qt 002331 0 0 0 0 0 0 0 0 
#qt 002332 0 0 0 0 0 0 0 0 
#qt 002333 0 0 0 0 0 0 0 0 
#qt 002334 0 0 0 0 0 0 0 0 
#qt 002341 0 0 0 0 0 0 0 0 
#qt 002342 0 0 0 0 0 0 0 0 
#qt 002343 0 0 0 0 0 0 0 0 
#qt 002344 0 0 0 0 0 0 0 0 
#qt 002411 0 0 0 0 0 0 0 0 
#qt 002412 0 0 0 0 0 0 0 0 
#qt 002413 0 0 0 0 0 0 0 0 
#qt 002414 0 0 0 0 0 0 0 0 
#qt 002421 0 0 0 0 0 0 0 0 
#qt 002422 0 0 0 0 0 0 0 0 
#qt 002423 0 0 0 0 0 0 0 0 
#qt 002424 0 0 0 0 0 0 0 0 
#qt 002431 0 0 0 0 0 0 0 0 
#qt 002432 0 0 0 0 0 0 0 0 
#qt 002433 0 0 0 0 0 0 0 0 
#qt 002434 0 0 0 0 0 0 0 0 
#qt 002441 0 0 0 0 0 0 0 0 
#qt 002442 0 0 0 0 0 0 0 0 
#qt 002443 0 0 0 0 0 0 0 0 
#qt 002444 0 0 0 0 0 0 0 0 
#qt 003111 0 0 0 0 0 0 0 0 
#qt 003112 0 0 0 0 0 0 0 0 
#qt 003113 0 0 0 0 0 0 0 0 
#qt 003114 0 0 0 0 0 0 0 0 
#qt 003121 0 0 0 0 0 0 0 0 
#qt 003122 2.13033 0 0.599045 0.364892 0.230014 0.419605 0.406382 0.214368 
#qt 003123 0 0 0 0 0 0 0 0 
#qt 003124 0 0 0 0 0 0 0 0 
#qt 003131 0 0 0 0 0 0 0 0 
#qt 003132 0 0 0 0 0 0 0 0 
#qt 003133 0 0 0 0 0 0 0 0 
#qt 003134 0 0 0 0 0 0 0 0 
#qt 003141 0 0 0 0 0 0 0 0 
#qt 003142 0 0 0 0 0 0 0 0 
#qt 003143 0 0 0 0 0 0 0 0 
#qt 003144 0 0 0 0 0 0 0 0 
#qt 003211 0 0 0 0 0 0 0 0 
#qt 003212 0 0 0 0 0 0 0 0 
#qt 003213 0 0 0 0 0 0 0 0 
#qt 003214 0 0 0 0 0 0 0 0 
#qt 003221 0 1.99471 0.590702 0.450771 0.298897 0.468711 0.475994 0.343901 
#qt 003222 0 0 0 0 0 0 0 0 
#qt 003223 0 0 0 0 0 0 0 0 
#qt 003224 0 0 0 0 0 0 0 0 
#qt 003231 0 0 0 0 0 0 0 0 
#qt 003232 0 0 0 0 0 0 0 0 
#qt 003233 0 0 0 0 0 0 0 0 
#qt 003234 0 0 0 0 0 0 0 0 
#qt 003241 0 0 0 0 0 0 0 0 
#qt 003242 0 0 0 0 0 0 0 0 
#qt 003243 0 0 0 0 0 0 0 0 
#qt 003244 0 0 0 0 0 0 0 0 
#qt 003311 0 0 0 0 0 0 0 0 
#qt 003312 0 0 0 0 0 0 0 0 
#qt 003313 0 0 0 0 0 0 0 0 
#qt 003314 0 0 0 0 0 0 0 0 
#qt 003321 0 2.04926 0.623702 0.576093 0.210888 0.553252 0.752545 0.426954 
#qt 003322 0 0 0 0 0 0 0 0 
#qt 003323 0 0 0 0 0 0 0 0 
#qt 003324 0 0 0 0 0 0 0 0 
#qt 003331 0 0 0 0 0 0 0 0 
#qt 003332 0 0 0 0 0 0 0 0 
#qt 003333 0 0 0 0 0 0 0 0 
#qt 003334 0 0 0 0 0 0 0 0 
#qt 003341 0 0 0 0 0 0 0 0 
#qt 003342 0 0 0 0 0 0 0 0 
#qt 003343 0 0 0 0 0 0 0 0 
#qt 003344 0 0 0 0 0 0 0 0 
#qt 003411 0 0 0 0 0 0 0 0 
#qt 003412 0 0 0 0 0 0 0 0 
#qt 003413 0 0 0 0 0 0 0 0 
#qt 003414 0 0 0 0 0 0 0 0 
#qt 003421 0 0 0 0 0 0 0 0 
#qt 003422 0 0 0 0 0 0 0 0 
#qt 003423 0 0 0 0 0 0 0 0 
#qt 003424 0 0 0 0 0 0 0 0 
#qt 003431 0 0 0 0 0 0 0 0 
#qt 003432 0 0 0 0 0 0 0 0 
#qt 003433 0 0 0 0 0 0 0 0 
#qt 003434 0 0 0 0 0 0 0 0 
#qt 003441 0 0 0 0 0 0 0 0 
#qt 003442 0 0 0 0 0 0 0 0 
#qt 003443 0 0 0 0 0 0 0 0 
#qt 003444 0 0 0 0 0 0 0 0 
#qt 004111 0 0 0 0 0 0 0 0 
#qt 004112 0 0 0 0 0 0 0 0 
#qt 004113 0 0 0 0 0 0 0 0 
#qt 004114 0 0 0 0 0 0 0 0 
#qt 004121 0 0 0 0 0 0 0 0 
#qt 004122 0 0 0 0 0 0 0 0 
#qt 004123 0 0 0 0 0 0 0 0 
#qt 004124 0 0 0 0 0 0 0 0 
#qt 004131 0 0 0 0 0 0 0 0 
#qt 004132 0 0 0 0 0 0 0 0 
#qt 004133 0 0 0 0 0 0 0 0 
#qt 004134 0 0 0 0 0 0 0 0 
#qt 004141 0 0 0 0 0 0 0 0 
#qt 004142 0 0 0 0 0 0 0 0 
#qt 004143 0 0 0 0 0 0 0 0 
#qt 004144 0 0 0 0 0 0 0 0 
#qt 004211 0 0 0 0 0 0 0 0 
#qt 004212 0 0 0 0 0 0 0 0 
#qt 004213 0 0 0 0 0 0 0 0 
#qt 004214 0 0 0 0 0 0 0 0 
#qt 004221 0 0 0 0 0 0 0 0 
#qt 004222 0 0 0 0 0 0 0 0 
#qt 004223 0 0 0 0 0 0 0 0 
#qt 004224 0 0 0 0 0 0 0 0 
#qt 004231 0 0 0 0 0 0 0 0 
#qt 004232 0 0 0 0 0 0 0 0 
#qt 004233 0 0 0 0 0 0 0 0 
#qt 004234 0 0 0 0 0 0 0 0 
#qt 004241 0 0 0 0 0 0 0 0 
#qt 004242 0 0 0 0 0 0 0 0 
#qt 004243 0 0 0 0 0 0 0 0 
#qt 004244 0 0 0 0 0 0 0 0 
#qt 004311 0 0 0 0 0 0 0 0 
#qt 004312 0 0 0 0 0 0 0 0 
#qt 004313 0 0 0 0 0 0 0 0 
#qt 004314 0 0.490893 0.565665 0.740769 0.357114 0.491516 2.03474 0.521088 
#qt 004321 0 0 0 0 0 0 0 0 
#qt 004322 0 0 0 0 0 0 0 0 
#qt 004323 0 0 0 0 0 0 0 0 
#qt 004324 0 0 0 0 0 0 0 0 
#qt 004331 0 0 0 0 0 0 0 0 
#qt 004332 0 0 0 0 0 0 0 0 
#qt 004333 0 0 0 0 0 0 0 0 
#qt 004334 0 0 0 0 0 0 0 0 
#qt 004341 0 0 0 0 0 0 0 0 
#qt 004342 0 0 0 0 0 0 0 0 
#qt 004343 0 0 0 0 0 0 0 0 
#qt 004344 0 0 0 0 0 0 0 0 
#qt 004411 0.400079 0.33739 0.309794 0.354603 2.26718 0.696121 0.598794 0.406296 
#qt 004412 0.297319 0.32802 0.339199 2.22058 0.619521 0.571676 0.18914 0.615919 
#qt 004413 0 0 0 0 0 0 0 0 
#qt 004414 0 0 0 0 0 0 0 0 
#qt 004421 0 0 0 0 0 0 0 0 
#qt 004422 0 0 0 0 0 0 0 0 
#qt 004423 0 0 0 0 0 0 0 0 
#qt 004424 0 0 0 0 0 0 0 0 
#qt 004431 0 0 0 0 0 0 0 0 
#qt 004432 0 0 0 0 0 0 0 0 
#qt 004433 0 0 0 0 0 0 0 0 
#qt 004434 0 0 0 0 0 0 0 0 
#qt 004441 0 0 0 0 0 0 0 0 
#qt 004442 0 0 0 0 0 0 0 0 
#qt 004443 0 0 0 0 0 0 0 0 
#qt 004444 0 0 0 0 0 0 0 0 
#qt 011111 0 0 0 0 0 0 0 0 
#qt 011112 0 0 0 0 0 0 0 0 
#qt 011113 0 0 0 0 0 0 0 0 
#qt 011114 0 0 0 0 0 0 0 0 
#qt 011121 0 0 0 0 0 0 0 0 
#qt 011122 0 0 0 0 0 0 0 0 
#qt 011123 1.25503 1.34787 1.16916 1.11267 1.34602 1.22669 2.1793 1.08089 
#qt 011124 0 0 0 0 0 0 0 0 
#qt 011131 0 0 0 0 0 0 0 0 
#qt 011132 0 0 0 0 0 0 0 0 
#qt 011133 0 0 0 0 0 0 0 0 
#qt 011134 0 0 0 0 0 0 0 0 
#qt 011141 0 0 0 0 0 0 0 0 
#qt 011142 0 0 0 0 0 0 0 0 
#qt 011143 0 0 0 0 0 0 0 0 
#qt 011144 0 0 0 0 0 0 0 0 
#qt 011211 0 0 0 0 0 0 0 0 
#qt 011212 0 0 0 0 0 0 0 0 
#qt 011213 0 0 0 0 0 0 0 0 
#qt 011214 0 0 0 0 0 0 0 0 
#qt 011221 0 0 0 0 0 0 0 0 
#qt 011222 1.56571 1.91656 1.11017 1.20912 1.19149 1.35087 1.32268 2.805 
#qt 011223 0 0 0 0 0 0 0 0 
#qt 011224 0 0 0 0 0 0 0 0 
#qt 011231 0 0 0 0 0 0 0 0 
#qt 011232 0 0 0 0 0 0 0 0 
#qt 011233 0 0 0 0 0 0 0 0 
#qt 011234 0 0 0 0 0 0 0 0 
#qt 011241 0 0 0 0 0 0 0 0 
#qt 011242 0 0 0 0 0 0 0 0 
#qt 011243 0 0 0 0 0 0 0 0 
#qt 011244 0 0 0 0 0 0 0 0 
#qt 011311 0 0 0 0 0 0 0 0 
#qt 011312 0 0 0 0 0 0 0 0 
#qt 011313 0 0 0 0 0 0 0 0 
#qt 011314 0 0 0 0 0 0 0 0 
#qt 011321 0 0 0 0 0 0 0 0 
#qt 011322 0 0 0 0 0 0 0 0 
#qt 011323 0 0 0 0 0 0 0 0 
#qt 011324 0 0 0 0 0 0 0 0 
#qt 011331 0 0 0 0 0 0 0 0 
#qt 011332 0 0 0 0 0 0 0 0 
#qt 011333 0 0 0 0 0 0 0 0 
#qt 011334 0 0 0 0 0 0 0 0 
#qt 011341 0 0 0 0 0 0 0 0 
#qt 011342 0 0 0 0 0 0 0 0 
#qt 011343 0 0 0 0 0 0 0 0 
#qt 011344 0 0 0 0 0 0 0 0 
#qt 011411 0 0 0 0 0 0 0 0 
#qt 011412 0 0 0 0 0 0 0 0 
#qt 011413 0 0 0 0 0 0 0 0 
#qt 011414 0 0 0 0 0 0 0 0 
#qt 011421 0 0 0 0 0 0 0 0 
#qt 011422 0 0 0 0 0 0 0 0 
#qt 011423 0 0 0 0 0 0 0 0 
#qt 011424 0 0 0 0 0 0 0 0 
#qt 011431 0 0 0 0 0 0 0 0 
#qt 011432 0 0 0 0 0 0 0 0 
#qt 011433 0 0 0 0 0 0 0 0 
#qt 011434 0 0 0 0 0 0 0 0 
#qt 011441 0 0 0 0 0 0 0 0 
#qt 011442 0 0 0 0 0 0 0 0 
#qt 011443 0 0 0 0 0 0 0 0 
#qt 011444 0 0 0 0 0 0 0 0 
#qt 012111 0 0 0 0 0 0 0 0 
#qt 012112 0 0 0 0 0 0 0 0 
#qt 012113 0 0 0 0 0 0 0 0 
#qt 012114 2.49973 1.37029 1.43059 1.27576 1.38995 1.24443 1.40965 1.47849 
#qt 012121 0 0 0 0 0 0 0 0 
#qt 012122 0 0 0 0 0 0 0 0 
#qt 012123 0 0 0 0 0 0 0 0 
#qt 012124 0 0 0 0 0 0 0 0 
#qt 012131 3.3683 1.60762 2.3757 1.31941 1.74382 2.37843 2.42344 2.36487 
#qt 012132 2.90327 1.72249 2.00881 1.72243 1.76466 1.26896 1.35725 1.41984 
#qt 012133 0 0 0 0 0 0 0 0 
#qt 012134 0 0 0 0 0 0 0 0 
#qt 012141 0 0 0 0 0 0 0 0 
#qt 012142 0 0 0 0 0 0 0 0 
#qt 012143 0 0 0 0 0 0 0 0 
#qt 012144 0 0 0 0 0 0 0 0 
#qt 012211 0 0 0 0 0 0 0 0 
#qt 012212 0 0 0 0 0 0 0 0 
#qt 012213 0 0 0 0 0 0 0 0 
#qt 012214 2.70422 1.25472 1.23841 1.2361 1.4579 1.21601 1.34012 1.34527 
#qt 012221 0 0 0 0 0 0 0 0 
#qt 012222 0 0 0 0 0 0 0 0 
#qt 012223 0 0 0 0 0 0 0 0 
#qt 012224 0 0 0 0 0 0 0 0 
#qt 012231 3.02761 1.82572 1.84515 1.73443 1.68784 2.1003 2.14788 2.09152 
#qt 012232 0 0 0 0 0 0 0 0 
#qt 012233 0 0 0 0 0 0 0 0 
#qt 012234 0 0 0 0 0 0 0 0 
#qt 012241 0 0 0 0 0 0 0 0 
#qt 012242 0 0 0 0 0 0 0 0 
#qt 012243 0 0 0 0 0 0 0 0 
#qt 012244 0 0 0 0 0 0 0 0 
#qt 012311 0 0 0 0 0 0 0 0 
#qt 012312 0 0 0 0 0 0 0 0 
#qt 012313 0 0 0 0 0 0 0 0 
#qt 012314 0 0 0 0 0 0 0 0 
#qt 012321 0 0 0 0 0 0 0 0 
#qt 012322 0 0 0 0 0 0 0 0 
#qt 012323 0 0 0 0 0 0 0 0 
#qt 012324 0 0 0 0 0 0 0 0 
#qt 012331 0 0 0 0 0 0 0 0 
#qt 012332 0 0 0 0 0 0 0 0 
#qt 012333 0 0 0 0 0 0 0 0 
#qt 012334 0 0 0 0 0 0 0 0 
#qt 012341 0 0 0 0 0 0 0 0 
#qt 012342 0 0 0 0 0 0 0 0 
#qt 012343 0 0 0 0 0 0 0 0 
#qt 012344 0 0 0 0 0 0 0 0 
#qt 012411 0 0 0 0 0 0 0 0 
#qt 012412 0 0 0 0 0 0 0 0 
#qt 012413 0 0 0 0 0 0 0 0 
#qt 012414 0 0 0 0 0 0 0 0 
#qt 012421 0 0 0 0 0 0 0 0 
#qt 012422 0 0 0 0 0 0 0 0 
#qt 012423 0 0 0 0 0 0 0 0 
#qt 012424 0 0 0 0 0 0 0 0 
#qt 012431 0 0 0 0 0 0 0 0 
#qt 012432 0 0 0 0 0 0 0 0 
#qt 012433 0 0 0 0 0 0 0 0 
#qt 012434 0 0 0 0 0 0 0 0 
#qt 012441 0 0 0 0 0 0 0 0 
#qt 012442 0 0 0 0 0 0 0 0 
#qt 012443 0 0 0 0 0 0 0 0 
#qt 012444 0 0 0 0 0 0 0 0 
#qt 013111 0 0 0 0 0 0 0 0 
#qt 013112 0 0 0 0 0 0 0 0 
#qt 013113 0 0 0 0 0 0 0 0 
#qt 013114 0 0 0 0 0 0 0 0 
#qt 013121 0 0 0 0 0 0 0 0 
#qt 013122 2.92922 2.26278 1.90245 1.66622 1.70687 1.43021 1.35777 1.4553 
#qt 013123 0 0 0 0 0 0 0 0 
#qt 013124 0 0 0 0 0 0 0 0 
#qt 013131 0 0 0 0 0 0 0 0 
#qt 013132 0 0 0 0 0 0 0 0 
#qt 013133 0 0 0 0 0 0 0 0 
#qt 013134 0 0 0 0 0 0 0 0 
#qt 013141 0 0 0 0 0 0 0 0 
#qt 013142 0 0 0 0 0 0 0 0 
#qt 013143 0 0 0 0 0 0 0 0 
#qt 013144 0 0 0 0 0 0 0 0 
#qt 013211 0 0 0 0 0 0 0 0 
#qt 013212 0 0 0 0 0 0 0 0 
#qt 013213 0 0 0 0 0 0 0 0 
#qt 013214 0 0 0 0 0 0 0 0 
#qt 013221 2.8412 1.49938 1.75633 1.53459 1.59505 1.63651 2.01424 1.61689 
#qt 013222 0 0 0 0 0 0 0 0 
#qt 013223 0 0 0 0 0 0 0 0 
#qt 013224 0 0 0 0 0 0 0 0 
#qt 013231 0 0 0 0 0 0 0 0 
#qt 013232 0 0 0 0 0 0 0 0 
#qt 013233 0 0 0 0 0 0 0 0 
#qt 013234 0 0 0 0 0 0 0 0 
#qt 013241 0 0 0 0 0 0 0 0 
#qt 013242 0 0 0 0 0 0 0 0 
#qt 013243 0 0 0 0 0 0 0 0 
#qt 013244 0 0 0 0 0 0 0 0 
#qt 013311 0 0 0 0 0 0 0 0 
#qt 013312 0 0 0 0 0 0 0 0 
#qt 013313 0 0 0 0 0 0 0 0 
#qt 013314 0 0 0 0 0 0 0 0 
#qt 013321 2.53139 1.95143 1.46984 1.60997 1.71595 1.73256 2.01751 1.96118 
#qt 013322 0 0 0 0 0 0 0 0 
#qt 013323 0 0 0 0 0 0 0 0 
#qt 013324 0 0 0 0 0 0 0 0 
#qt 013331 0 0 0 0 0 0 0 0 
#qt 013332 0 0 0 0 0 0 0 0 
#qt 013333 0 0 0 0 0 0 0 0 
#qt 013334 0 0 0 0 0 0 0 0 
#qt 013341 0 0 0 0 0 0 0 0 
#qt 013342 0 0 0 0 0 0 0 0 
#qt 013343 0 0 0 0 0 0 0 0 
#qt 013344 0 0 0 0 0 0 0 0 
#qt 013411 0 0 0 0 0 0 0 0 
#qt 013412 0 0 0 0 0 0 0 0 
#qt 013413 0 0 0 0 0 0 0 0 
#qt 013414 0 0 0 0 0 0 0 0 
#qt 013421 0 0 0 0 0 0 0 0 
#qt 013422 0 0 0 0 0 0 0 0 
#qt 013423 0 0 0 0 0 0 0 0 
#qt 013424 0 0 0 0 0 0 0 0 
#qt 013431 0 0 0 0 0 0 0 0 
#qt 013432 0 0 0 0 0 0 0 0 
#qt 013433 0 0 0 0 0 0 0 0 
#qt 013434 0 0 0 0 0 0 0 0 
#qt 013441 0 0 0 0 0 0 0 0 
#qt 013442 0 0 0 0 0 0 0 0 
#qt 013443 0 0 0 0 0 0 0 0 
#qt 013444 0 0 0 0 0 0 0 0 
#qt 014111 0 0 0 0 0 0 0 0 
#qt 014112 0 0 0 0 0 0 0 0 
#qt 014113 0 0 0 0 0 0 0 0 
#qt 014114 0 0 0 0 0 0 0 0 
#qt 014121 0 0 0 0 0 0 0 0 
#qt 014122 0 0 0 0 0 0 0 0 
#qt 014123 0 0 0 0 0 0 0 0 
#qt 014124 0 0 0 0 0 0 0 0 
#qt 014131 0 0 0 0 0 0 0 0 
#qt 014132 0 0 0 0 0 0 0 0 
#qt 014133 0 0 0 0 0 0 0 0 
#qt 014134 0 0 0 0 0 0 0 0 
#qt 014141 0 0 0 0 0 0 0 0 
#qt 014142 0 0 0 0 0 0 0 0 
#qt 014143 0 0 0 0 0 0 0 0 
#qt 014144 0 0 0 0 0 0 0 0 
#qt 014211 0 0 0 0 0 0 0 0 
#qt 014212 0 0 0 0 0 0 0 0 
#qt 014213 0 0 0 0 0 0 0 0 
#qt 014214 0 0 0 0 0 0 0 0 
#qt 014221 0 0 0 0 0 0 0 0 
#qt 014222 0 0 0 0 0 0 0 0 
#qt 014223 0 0 0 0 0 0 0 0 
#qt 014224 0 0 0 0 0 0 0 0 
#qt 014231 0 0 0 0 0 0 0 0 
#qt 014232 0 0 0 0 0 0 0 0 
#qt 014233 0 0 0 0 0 0 0 0 
#qt 014234 0 0 0 0 0 0 0 0 
#qt 014241 0 0 0 0 0 0 0 0 
#qt 014242 0 0 0 0 0 0 0 0 
#qt 014243 0 0 0 0 0 0 0 0 
#qt 014244 0 0 0 0 0 0 0 0 
#qt 014311 0 0 0 0 0 0 0 0 
#qt 014312 0 0 0 0 0 0 0 0 
#qt 014313 0 0 0 0 0 0 0 0 
#qt 014314 2.54658 1.46577 1.41499 1.33947 1.47982 1.48081 1.31068 1.55252 
#qt 014321 0 0 0 0 0 0 0 0 
#qt 014322 0 0 0 0 0 0 0 0 
#qt 014323 0 0 0 0 0 0 0 0 
#qt 014324 0 0 0 0 0 0 0 0 
#qt 014331 0 0 0 0 0 0 0 0 
#qt 014332 0 0 0 0 0 0 0 0 
#qt 014333 0 0 0 0 0 0 0 0 
#qt 014334 0 0 0 0 0 0 0 0 
#qt 014341 0 0 0 0 0 0 0 0 
#qt 014342 0 0 0 0 0 0 0 0 
#qt 014343 0 0 0 0 0 0 0 0 
#qt 014344 0 0 0 0 0 0 0 0 
#qt 014411 2.55021 1.55935 1.44691 1.45501 1.35624 1.33399 1.44418 1.37092 
#qt 014412 2.68882 1.57264 1.3372 1.73491 1.63336 1.56167 1.28867 1.22988 
#qt 014413 0 0 0 0 0 0 0 0 
#qt 014414 0 0 0 0 0 0 0 0 
#qt 014421 0 0 0 0 0 0 0 0 
#qt 014422 0 0 0 0 0 0 0 0 
#qt 014423 0 0 0 0 0 0 0 0 
#qt 014424 0 0 0 0 0 0 0 0 
#qt 014431 0 0 0 0 0 0 0 0 
#qt 014432 0 0 0 0 0 0 0 0 
#qt 014433 0 0 0 0 0 0 0 0 
#qt 014434 0 0 0 0 0 0 0 0 
#qt 014441 0 0 0 0 0 0 0 0 
#qt 014442 0 0 0 0 0 0 0 0 
#qt 014443 0 0 0 0 0 0 0 0 
#qt 014444 0 0 0 0 0 0 0 0 
#qt 021111 0 0 0 0 0 0 0 0 
#qt 021112 0 0 0 0 0 0 0 0 
#qt 021113 1.02152 0.995784 1.06557 0.953511 0.938534 0.958996 1.92091 0.932901 
#qt 021114 0 0 0 0 0 0 0 0 
#qt 021121 0 0 0 0 0 0 0 0 
#qt 021122 0 0 0 0 0 0 0 0 
#qt 021123 1.38194 1.54651 1.35362 1.60153 2.58723 1.48774 1.65581 1.59203 
#qt 021124 0 0 0 0 0 0 0 0 
#qt 021131 0 0 0 0 0 0 0 0 
#qt 021132 0 0 0 0 0 0 0 0 
#qt 021133 0 0 0 0 0 0 0 0 
#qt 021134 0 0 0 0 0 0 0 0 
#qt 021141 0 0 0 0 0 0 0 0 
#qt 021142 1.41366 1.43235 1.26722 1.45524 2.45893 1.21244 1.21473 1.32736 
#qt 021143 0 0 0 0 0 0 0 0 
#qt 021144 0 0 0 0 0 0 0 0 
#qt 021211 0 0 0 0 0 0 0 0 
#qt 021212 1.42199 1.32135 0.972102 1.18057 1.28136 2.26945 1.3549 1.22336 
#qt 021213 0 0 0 0 0 0 0 0 
#qt 021214 0 0 0 0 0 0 0 0 
#qt 021221 0 0 0 0 0 0 0 0 
#qt 021222 1.36009 1.62448 1.15591 1.1406 2.56383 1.49119 1.53934 1.29433 
#qt 021223 0 0 0 0 0 0 0 0 
#qt 021224 0 0 0 0 0 0 0 0 
#qt 021231 0 0 0 0 0 0 0 0 
#qt 021232 0 0 0 0 0 0 0 0 
#qt 021233 0 0 0 0 0 0 0 0 
#qt 021234 0 0 0 0 0 0 0 0 
#qt 021241 1.1989 1.22569 1.04454 1.38199 2.38835 1.44388 1.17025 1.47378 
#qt 021242 0 0 0 0 0 0 0 0 
#qt 021243 0 0 0 0 0 0 0 0 
#qt 021244 0 0 0 0 0 0 0 0 
#qt 021311 0 0 0 0 0 0 0 0 
#qt 021312 0 0 0 0 0 0 0 0 
#qt 021313 0 0 0 0 0 0 0 0 
#qt 021314 0 0 0 0 0 0 0 0 
#qt 021321 0 0 0 0 0 0 0 0 
#qt 021322 0 0 0 0 0 0 0 0 
#qt 021323 0 0 0 0 0 0 0 0 
#qt 021324 0 0 0 0 0 0 0 0 
#qt 021331 0 0 0 0 0 0 0 0 
#qt 021332 0 0 0 0 0 0 0 0 
#qt 021333 0 0 0 0 0 0 0 0 
#qt 021334 0 0 0 0 0 0 0 0 
#qt 021341 1.15566 1.24748 1.02815 1.25847 2.24283 1.26697 1.30774 1.24504 
#qt 021342 0 0 0 0 0 0 0 0 
#qt 021343 0 0 0 0 0 0 0 0 
#qt 021344 0 0 0 0 0 0 0 0 
#qt 021411 0 0 0 0 0 0 0 0 
#qt 021412 0 0 0 0 0 0 0 0 
#qt 021413 0 0 0 0 0 0 0 0 
#qt 021414 0 0 0 0 0 0 0 0 
#qt 021421 0 0 0 0 0 0 0 0 
#qt 021422 0 0 0 0 0 0 0 0 
#qt 021423 0 0 0 0 0 0 0 0 
#qt 021424 0 0 0 0 0 0 0 0 
#qt 021431 0 0 0 0 0 0 0 0 
#qt 021432 0 0 0 0 0 0 0 0 
#qt 021433 0 0 0 0 0 0 0 0 
#qt 021434 0 0 0 0 0 0 0 0 
#qt 021441 0 0 0 0 0 0 0 0 
#qt 021442 0 0 0 0 0 0 0 0 
#qt 021443 0 0 0 0 0 0 0 0 
#qt 021444 0 0 0 0 0 0 0 0 
#qt 022111 0 0 0 0 0 0 0 0 
#qt 022112 0 0 0 0 0 0 0 0 
#qt 022113 0 0 0 0 0 0 0 0 
#qt 022114 0 0 0 0 0 0 0 0 
#qt 022121 0 0 0 0 0 0 0 0 
#qt 022122 0 0 0 0 0 0 0 0 
#qt 022123 0 0 0 0 0 0 0 0 
#qt 022124 0 0 0 0 0 0 0 0 
#qt 022131 1.2686 1.11716 1.50037 1.34262 2.6309 1.1373 1.33572 1.32485 
#qt 022132 1.32682 1.42508 1.19175 1.21823 2.76395 1.18829 1.2203 1.0691 
#qt 022133 0 0 0 0 0 0 0 0 
#qt 022134 0 0 0 0 0 0 0 0 
#qt 022141 0 0 0 0 0 0 0 0 
#qt 022142 0 0 0 0 0 0 0 0 
#qt 022143 0 0 0 0 0 0 0 0 
#qt 022144 0 0 0 0 0 0 0 0 
#qt 022211 0 0 0 0 0 0 0 0 
#qt 022212 0 0 0 0 0 0 0 0 
#qt 022213 0 0 0 0 0 0 0 0 
#qt 022214 0 0 0 0 0 0 0 0 
#qt 022221 0 0 0 0 0 0 0 0 
#qt 022222 0 0 0 0 0 0 0 0 
#qt 022223 0 0 0 0 0 0 0 0 
#qt 022224 0 0 0 0 0 0 0 0 
#qt 022231 1.28759 1.10321 1.51656 1.54304 2.64747 1.56629 1.54066 1.52874 
#qt 022232 0 0 0 0 0 0 0 0 
#qt 022233 0 0 0 0 0 0 0 0 
#qt 022234 0 0 0 0 0 0 0 0 
#qt 022241 0 0 0 0 0 0 0 0 
#qt 022242 0 0 0 0 0 0 0 0 
#qt 022243 0 0 0 0 0 0 0 0 
#qt 022244 0 0 0 0 0 0 0 0 
#qt 022311 0 0 0 0 0 0 0 0 
#qt 022312 0 0 0 0 0 0 0 0 
#qt 022313 0 0 0 0 0 0 0 0 
#qt 022314 0 0 0 0 0 0 0 0 
#qt 022321 0 0 0 0 0 0 0 0 
#qt 022322 0 0 0 0 0 0 0 0 
#qt 022323 0 0 0 0 0 0 0 0 
#qt 022324 0 0 0 0 0 0 0 0 
#qt 022331 0 0 0 0 0 0 0 0 
#qt 022332 0 0 0 0 0 0 0 0 
#qt 022333 0 0 0 0 0 0 0 0 
#qt 022334 0 0 0 0 0 0 0 0 
#qt 022341 0 0 0 0 0 0 0 0 
#qt 022342 0 0 0 0 0 0 0 0 
#qt 022343 0 0 0 0 0 0 0 0 
#qt 022344 0 0 0 0 0 0 0 0 
#qt 022411 0 0 0 0 0 0 0 0 
#qt 022412 0 0 0 0 0 0 0 0 
#qt 022413 0 0 0 0 0 0 0 0 
#qt 022414 0 0 0 0 0 0 0 0 
#qt 022421 0 0 0 0 0 0 0 0 
#qt 022422 0 0 0 0 0 0 0 0 
#qt 022423 0 0 0 0 0 0 0 0 
#qt 022424 0 0 0 0 0 0 0 0 
#qt 022431 0 0 0 0 0 0 0 0 
#qt 022432 0 0 0 0 0 0 0 0 
#qt 022433 0 0 0 0 0 0 0 0 
#qt 022434 0 0 0 0 0 0 0 0 
#qt 022441 0 0 0 0 0 0 0 0 
#qt 022442 0 0 0 0 0 0 0 0 
#qt 022443 0 0 0 0 0 0 0 0 
#qt 022444 0 0 0 0 0 0 0 0 
#qt 023111 0 0 0 0 0 0 0 0 
#qt 023112 0 0 0 0 0 0 0 0 
#qt 023113 0 0 0 0 0 0 0 0 
#qt 023114 0 0 0 0 0 0 0 0 
#qt 023121 0 0 0 0 0 0 0 0 
#qt 023122 1.192 1.63712 1.68047 1.43026 2.8794 1.21139 1.21231 1.12255 
#qt 023123 0 0 0 0 0 0 0 0 
#qt 023124 0 0 0 0 0 0 0 0 
#qt 023131 0 0 0 0 0 0 0 0 
#qt 023132 0 0 0 0 0 0 0 0 
#qt 023133 0 0 0 0 0 0 0 0 
#qt 023134 0 0 0 0 0 0 0 0 
#qt 023141 0 0 0 0 0 0 0 0 
#qt 023142 0 0 0 0 0 0 0 0 
#qt 023143 0 0 0 0 0 0 0 0 
#qt 023144 0 0 0 0 0 0 0 0 
#qt 023211 0 0 0 0 0 0 0 0 
#qt 023212 0 0 0 0 0 0 0 0 
#qt 023213 0 0 0 0 0 0 0 0 
#qt 023214 0 0 0 0 0 0 0 0 
#qt 023221 1.46042 1.23623 1.48079 1.65731 2.97435 1.42043 1.38444 1.74293 
#qt 023222 0 0 0 0 0 0 0 0 
#qt 023223 0 0 0 0 0 0 0 0 
#qt 023224 0 0 0 0 0 0 0 0 
#qt 023231 0 0 0 0 0 0 0 0 
#qt 023232 0 0 0 0 0 0 0 0 
#qt 023233 0 0 0 0 0 0 0 0 
#qt 023234 0 0 0 0 0 0 0 0 
#qt 023241 0 0 0 0 0 0 0 0 
#qt 023242 0 0 0 0 0 0 0 0 
#qt 023243 0 0 0 0 0 0 0 0 
#qt 023244 0 0 0 0 0 0 0 0 
#qt 023311 0 0 0 0 0 0 0 0 
#qt 023312 0 0 0 0 0 0 0 0 
#qt 023313 0 0 0 0 0 0 0 0 
#qt 023314 0 0 0 0 0 0 0 0 
#qt 023321 1.19774 1.67582 1.298 1.43329 2.70557 1.34504 1.6423 1.40433 
#qt 023322 0 0 0 0 0 0 0 0 
#qt 023323 0 0 0 0 0 0 0 0 
#qt 023324 0 0 0 0 0 0 0 0 
#qt 023331 0 0 0 0 0 0 0 0 
#qt 023332 0 0 0 0 0 0 0 0 
#qt 023333 0 0 0 0 0 0 0 0 
#qt 023334 0 0 0 0 0 0 0 0 
#qt 023341 0 0 0 0 0 0 0 0 
#qt 023342 0 0 0 0 0 0 0 0 
#qt 023343 0 0 0 0 0 0 0 0 
#qt 023344 0 0 0 0 0 0 0 0 
#qt 023411 0 0 0 0 0 0 0 0 
#qt 023412 0 0 0 0 0 0 0 0 
#qt 023413 0 0 0 0 0 0 0 0 
#qt 023414 0 0 0 0 0 0 0 0 
#qt 023421 0 0 0 0 0 0 0 0 
#qt 023422 0 0 0 0 0 0 0 0 
#qt 023423 0 0 0 0 0 0 0 0 
#qt 023424 0 0 0 0 0 0 0 0 
#qt 023431 0 0 0 0 0 0 0 0 
#qt 023432 0 0 0 0 0 0 0 0 
#qt 023433 0 0 0 0 0 0 0 0 
#qt 023434 0 0 0 0 0 0 0 0 
#qt 023441 0 0 0 0 0 0 0 0 
#qt 023442 0 0 0 0 0 0 0 0 
#qt 023443 0 0 0 0 0 0 0 0 
#qt 023444 0 0 0 0 0 0 0 0 
#qt 024111 0 0 0 0 0 0 0 0 
#qt 024112 0 0 0 0 0 0 0 0 
#qt 024113 0 0 0 0 0 0 0 0 
#qt 024114 0 0 0 0 0 0 0 0 
#qt 024121 0 0 0 0 0 0 0 0 
#qt 024122 0 0 0 0 0 0 0 0 
#qt 024123 0 0 0 0 0 0 0 0 
#qt 024124 0 0 0 0 0 0 0 0 
#qt 024131 0 0 0 0 0 0 0 0 
#qt 024132 0 0 0 0 0 0 0 0 
#qt 024133 0 0 0 0 0 0 0 0 
#qt 024134 0 0 0 0 0 0 0 0 
#qt 024141 0 0 0 0 0 0 0 0 
#qt 024142 0 0 0 0 0 0 0 0 
#qt 024143 0 0 0 0 0 0 0 0 
#qt 024144 0 0 0 0 0 0 0 0 
#qt 024211 0 0 0 0 0 0 0 0 
#qt 024212 0 0 0 0 0 0 0 0 
#qt 024213 0 0 0 0 0 0 0 0 
#qt 024214 0 0 0 0 0 0 0 0 
#qt 024221 0 0 0 0 0 0 0 0 
#qt 024222 0 0 0 0 0 0 0 0 
#qt 024223 0 0 0 0 0 0 0 0 
#qt 024224 0 0 0 0 0 0 0 0 
#qt 024231 0 0 0 0 0 0 0 0 
#qt 024232 0 0 0 0 0 0 0 0 
#qt 024233 0 0 0 0 0 0 0 0 
#qt 024234 0 0 0 0 0 0 0 0 
#qt 024241 0 0 0 0 0 0 0 0 
#qt 024242 0 0 0 0 0 0 0 0 
#qt 024243 0 0 0 0 0 0 0 0 
#qt 024244 0 0 0 0 0 0 0 0 
#qt 024311 0 0 0 0 0 0 0 0 
#qt 024312 0 0 0 0 0 0 0 0 
#qt 024313 0 0 0 0 0 0 0 0 
#qt 024314 0 0 0 0 0 0 0 0 
#qt 024321 0 0 0 0 0 0 0 0 
#qt 024322 0 0 0 0 0 0 0 0 
#qt 024323 0 0 0 0 0 0 0 0 
#qt 024324 0 0 0 0 0 0 0 0 
#qt 024331 0 0 0 0 0 0 0 0 
#qt 024332 0 0 0 0 0 0 0 0 
#qt 024333 0 0 0 0 0 0 0 0 
#qt 024334 0 0 0 0 0 0 0 0 
#qt 024341 0 0 0 0 0 0 0 0 
#qt 024342 0 0 0 0 0 0 0 0 
#qt 024343 0 0 0 0 0 0 0 0 
#qt 024344 0 0 0 0 0 0 0 0 
#qt 024411 0 0 0 0 0 0 0 0 
#qt 024412 0 0 0 0 0 0 0 0 
#qt 024413 0 0 0 0 0 0 0 0 
#qt 024414 0 0 0 0 0 0 0 0 
#qt 024421 0 0 0 0 0 0 0 0 
#qt 024422 0 0 0 0 0 0 0 0 
#qt 024423 0 0 0 0 0 0 0 0 
#qt 024424 0 0 0 0 0 0 0 0 
#qt 024431 0 0 0 0 0 0 0 0 
#qt 024432 0 0 0 0 0 0 0 0 
#qt 024433 0 0 0 0 0 0 0 0 
#qt 024434 0 0 0 0 0 0 0 0 
#qt 024441 0 0 0 0 0 0 0 0 
#qt 024442 0 0 0 0 0 0 0 0 
#qt 024443 0 0 0 0 0 0 0 0 
#qt 024444 0 0 0 0 0 0 0 0 
#qt 101111 0 0 0 0 0 0 0 0 
#qt 101112 0 0 0 0 0 0 0 0 
#qt 101113 1.15505 1.05213 1.17027 1.12199 0.997578 1.15532 2.25623 0.993184 
#qt 101114 0 0 0 0 0 0 0 0 
#qt 101121 0 0 0 0 0 0 0 0 
#qt 101122 0 0 0 0 0 0 0 0 
#qt 101123 1.19963 1.07163 1.22449 1.20603 1.00414 2.05402 1.13812 1.2492 
#qt 101124 0 0 0 0 0 0 0 0 
#qt 101131 0 0 0 0 0 0 0 0 
#qt 101132 0 0 0 0 0 0 0 0 
#qt 101133 0 0 0 0 0 0 0 0 
#qt 101134 0 0 0 0 0 0 0 0 
#qt 101141 0 0 0 0 0 0 0 0 
#qt 101142 1.75747 1.59303 1.76936 1.57048 1.72049 1.62026 2.90762 1.68258 
#qt 101143 0 0 0 0 0 0 0 0 
#qt 101144 0 0 0 0 0 0 0 0 
#qt 101211 0 0 0 0 0 0 0 0 
#qt 101212 1.25137 1.22268 1.13531 1.28783 1.38514 2.31175 1.2738 1.1861 
#qt 101213 0 0 0 0 0 0 0 0 
#qt 101214 0 0 0 0 0 0 0 0 
#qt 101221 0 0 0 0 0 0 0 0 
#qt 101222 1.14275 1.38057 1.02261 1.10941 1.31923 1.41064 2.45898 1.1168 
#qt 101223 0 0 0 0 0 0 0 0 
#qt 101224 0 0 0 0 0 0 0 0 
#qt 101231 0 0 0 0 0 0 0 0 
#qt 101232 0 0 0 0 0 0 0 0 
#qt 101233 0 0 0 0 0 0 0 0 
#qt 101234 0 0 0 0 0 0 0 0 
#qt 101241 0 0 0 0 0 0 0 0 
#qt 101242 0 0 0 0 0 0 0 0 
#qt 101243 0 0 0 0 0 0 0 0 
#qt 101244 0 0 0 0 0 0 0 0 
#qt 101311 0 0 0 0 0 0 0 0 
#qt 101312 0 0 0 0 0 0 0 0 
#qt 101313 0 0 0 0 0 0 0 0 
#qt 101314 0 0 0 0 0 0 0 0 
#qt 101321 0 0 0 0 0 0 0 0 
#qt 101322 0 0 0 0 0 0 0 0 
#qt 101323 0 0 0 0 0 0 0 0 
#qt 101324 0 0 0 0 0 0 0 0 
#qt 101331 0 0 0 0 0 0 0 0 
#qt 101332 0 0 0 0 0 0 0 0 
#qt 101333 0 0 0 0 0 0 0 0 
#qt 101334 0 0 0 0 0 0 0 0 
#qt 101341 1.12421 1.04982 1.82199 1.02942 1.17592 1.03818 0.964985 1.07739 
#qt 101342 0 0 0 0 0 0 0 0 
#qt 101343 0 0 0 0 0 0 0 0 
#qt 101344 0 0 0 0 0 0 0 0 
#qt 101411 0 0 0 0 0 0 0 0 
#qt 101412 0 0 0 0 0 0 0 0 
#qt 101413 1.75375 1.66574 1.80483 1.76431 1.98343 1.83168 2.84279 1.8175 
#qt 101414 0 0 0 0 0 0 0 0 
#qt 101421 0 0 0 0 0 0 0 0 
#qt 101422 0 0 0 0 0 0 0 0 
#qt 101423 0 0 0 0 0 0 0 0 
#qt 101424 0 0 0 0 0 0 0 0 
#qt 101431 0 0 0 0 0 0 0 0 
#qt 101432 0 0 0 0 0 0 0 0 
#qt 101433 0 0 0 0 0 0 0 0 
#qt 101434 0 0 0 0 0 0 0 0 
#qt 101441 0 0 0 0 0 0 0 0 
#qt 101442 0 0 0 0 0 0 0 0 
#qt 101443 0 0 0 0 0 0 0 0 
#qt 101444 0 0 0 0 0 0 0 0 
#qt 102111 0 0 0 0 0 0 0 0 
#qt 102112 0 0 0 0 0 0 0 0 
#qt 102113 0 0 0 0 0 0 0 0 
#qt 102114 1.28047 1.3884 1.26753 1.26304 1.27599 1.18309 2.28922 1.32901 
#qt 102121 0 0 0 0 0 0 0 0 
#qt 102122 0 0 0 0 0 0 0 0 
#qt 102123 0 0 0 0 0 0 0 0 
#qt 102124 0 0 0 0 0 0 0 0 
#qt 102131 1.02337 1.08037 1.07432 1.26576 2.01522 1.31496 1.23685 1.1397 
#qt 102132 0.984903 1.12884 1.39043 1.28858 1.47353 1.43102 2.60855 1.15049 
#qt 102133 0 0 0 0 0 0 0 0 
#qt 102134 0 0 0 0 0 0 0 0 
#qt 102141 0 0 0 0 0 0 0 0 
#qt 102142 0 0 0 0 0 0 0 0 
#qt 102143 0 0 0 0 0 0 0 0 
#qt 102144 0 0 0 0 0 0 0 0 
#qt 102211 0 0 0 0 0 0 0 0 
#qt 102212 0 0 0 0 0 0 0 0 
#qt 102213 0 0 0 0 0 0 0 0 
#qt 102214 1.45907 1.35142 1.33597 1.393 1.46912 1.52387 2.55084 1.55 
#qt 102221 0 0 0 0 0 0 0 0 
#qt 102222 0 0 0 0 0 0 0 0 
#qt 102223 0 0 0 0 0 0 0 0 
#qt 102224 0 0 0 0 0 0 0 0 
#qt 102231 0 0 0 0 0 0 0 0 
#qt 102232 0 0 0 0 0 0 0 0 
#qt 102233 0 0 0 0 0 0 0 0 
#qt 102234 0 0 0 0 0 0 0 0 
#qt 102241 0 0 0 0 0 0 0 0 
#qt 102242 0 0 0 0 0 0 0 0 
#qt 102243 0 0 0 0 0 0 0 0 
#qt 102244 0 0 0 0 0 0 0 0 
#qt 102311 0 0 0 0 0 0 0 0 
#qt 102312 0 0 0 0 0 0 0 0 
#qt 102313 0 0 0 0 0 0 0 0 
#qt 102314 0 0 0 0 0 0 0 0 
#qt 102321 0 0 0 0 0 0 0 0 
#qt 102322 0 0 0 0 0 0 0 0 
#qt 102323 0 0 0 0 0 0 0 0 
#qt 102324 0 0 0 0 0 0 0 0 
#qt 102331 0 0 0 0 0 0 0 0 
#qt 102332 0 0 0 0 0 0 0 0 
#qt 102333 0 0 0 0 0 0 0 0 
#qt 102334 0 0 0 0 0 0 0 0 
#qt 102341 0 0 0 0 0 0 0 0 
#qt 102342 0 0 0 0 0 0 0 0 
#qt 102343 0 0 0 0 0 0 0 0 
#qt 102344 0 0 0 0 0 0 0 0 
#qt 102411 0 0 0 0 0 0 0 0 
#qt 102412 0 0 0 0 0 0 0 0 
#qt 102413 0 0 0 0 0 0 0 0 
#qt 102414 0 0 0 0 0 0 0 0 
#qt 102421 0 0 0 0 0 0 0 0 
#qt 102422 0 0 0 0 0 0 0 0 
#qt 102423 0 0 0 0 0 0 0 0 
#qt 102424 0 0 0 0 0 0 0 0 
#qt 102431 0 0 0 0 0 0 0 0 
#qt 102432 0 0 0 0 0 0 0 0 
#qt 102433 0 0 0 0 0 0 0 0 
#qt 102434 0 0 0 0 0 0 0 0 
#qt 102441 0 0 0 0 0 0 0 0 
#qt 102442 0 0 0 0 0 0 0 0 
#qt 102443 0 0 0 0 0 0 0 0 
#qt 102444 0 0 0 0 0 0 0 0 
#qt 103111 0 0 0 0 0 0 0 0 
#qt 103112 0 0 0 0 0 0 0 0 
#qt 103113 0 0 0 0 0 0 0 0 
#qt 103114 0 0 0 0 0 0 0 0 
#qt 103121 0 0 0 0 0 0 0 0 
#qt 103122 1.49491 1.61596 1.83755 1.53605 1.55324 1.33587 2.7819 1.50363 
#qt 103123 0 0 0 0 0 0 0 0 
#qt 103124 0 0 0 0 0 0 0 0 
#qt 103131 0 0 0 0 0 0 0 0 
#qt 103132 0 0 0 0 0 0 0 0 
#qt 103133 0 0 0 0 0 0 0 0 
#qt 103134 0 0 0 0 0 0 0 0 
#qt 103141 0 0 0 0 0 0 0 0 
#qt 103142 0 0 0 0 0 0 0 0 
#qt 103143 0 0 0 0 0 0 0 0 
#qt 103144 0 0 0 0 0 0 0 0 
#qt 103211 0 0 0 0 0 0 0 0 
#qt 103212 0 0 0 0 0 0 0 0 
#qt 103213 0 0 0 0 0 0 0 0 
#qt 103214 0 0 0 0 0 0 0 0 
#qt 103221 0 0 0 0 0 0 0 0 
#qt 103222 0 0 0 0 0 0 0 0 
#qt 103223 0 0 0 0 0 0 0 0 
#qt 103224 0 0 0 0 0 0 0 0 
#qt 103231 0 0 0 0 0 0 0 0 
#qt 103232 0 0 0 0 0 0 0 0 
#qt 103233 0 0 0 0 0 0 0 0 
#qt 103234 0 0 0 0 0 0 0 0 
#qt 103241 0 0 0 0 0 0 0 0 
#qt 103242 0 0 0 0 0 0 0 0 
#qt 103243 0 0 0 0 0 0 0 0 
#qt 103244 0 0 0 0 0 0 0 0 
#qt 103311 0 0 0 0 0 0 0 0 
#qt 103312 0 0 0 0 0 0 0 0 
#qt 103313 0 0 0 0 0 0 0 0 
#qt 103314 0 0 0 0 0 0 0 0 
#qt 103321 1.45664 1.51841 1.39464 1.55387 1.36176 2.47662 1.55215 1.3764 
#qt 103322 0 0 0 0 0 0 0 0 
#qt 103323 0 0 0 0 0 0 0 0 
#qt 103324 0 0 0 0 0 0 0 0 
#qt 103331 0 0 0 0 0 0 0 0 
#qt 103332 0 0 0 0 0 0 0 0 
#qt 103333 0 0 0 0 0 0 0 0 
#qt 103334 0 0 0 0 0 0 0 0 
#qt 103341 0 0 0 0 0 0 0 0 
#qt 103342 0 0 0 0 0 0 0 0 
#qt 103343 0 0 0 0 0 0 0 0 
#qt 103344 0 0 0 0 0 0 0 0 
#qt 103411 0 0 0 0 0 0 0 0 
#qt 103412 0 0 0 0 0 0 0 0 
#qt 103413 0 0 0 0 0 0 0 0 
#qt 103414 0 0 0 0 0 0 0 0 
#qt 103421 0 0 0 0 0 0 0 0 
#qt 103422 0 0 0 0 0 0 0 0 
#qt 103423 0 0 0 0 0 0 0 0 
#qt 103424 0 0 0 0 0 0 0 0 
#qt 103431 0 0 0 0 0 0 0 0 
#qt 103432 0 0 0 0 0 0 0 0 
#qt 103433 0 0 0 0 0 0 0 0 
#qt 103434 0 0 0 0 0 0 0 0 
#qt 103441 0 0 0 0 0 0 0 0 
#qt 103442 0 0 0 0 0 0 0 0 
#qt 103443 0 0 0 0 0 0 0 0 
#qt 103444 0 0 0 0 0 0 0 0 
#qt 104111 0 0 0 0 0 0 0 0 
#qt 104112 0 0 0 0 0 0 0 0 
#qt 104113 0 0 0 0 0 0 0 0 
#qt 104114 0 0 0 0 0 0 0 0 
#qt 104121 0 0 0 0 0 0 0 0 
#qt 104122 0 0 0 0 0 0 0 0 
#qt 104123 0 0 0 0 0 0 0 0 
#qt 104124 0 0 0 0 0 0 0 0 
#qt 104131 0 0 0 0 0 0 0 0 
#qt 104132 0 0 0 0 0 0 0 0 
#qt 104133 0 0 0 0 0 0 0 0 
#qt 104134 0 0 0 0 0 0 0 0 
#qt 104141 0 0 0 0 0 0 0 0 
#qt 104142 0 0 0 0 0 0 0 0 
#qt 104143 0 0 0 0 0 0 0 0 
#qt 104144 0 0 0 0 0 0 0 0 
#qt 104211 0 0 0 0 0 0 0 0 
#qt 104212 0 0 0 0 0 0 0 0 
#qt 104213 0 0 0 0 0 0 0 0 
#qt 104214 0 0 0 0 0 0 0 0 
#qt 104221 0 0 0 0 0 0 0 0 
#qt 104222 0 0 0 0 0 0 0 0 
#qt 104223 0 0 0 0 0 0 0 0 
#qt 104224 0 0 0 0 0 0 0 0 
#qt 104231 0 0 0 0 0 0 0 0 
#qt 104232 0 0 0 0 0 0 0 0 
#qt 104233 0 0 0 0 0 0 0 0 
#qt 104234 0 0 0 0 0 0 0 0 
#qt 104241 0 0 0 0 0 0 0 0 
#qt 104242 0 0 0 0 0 0 0 0 
#qt 104243 0 0 0 0 0 0 0 0 
#qt 104244 0 0 0 0 0 0 0 0 
#qt 104311 0 0 0 0 0 0 0 0 
#qt 104312 0 0 0 0 0 0 0 0 
#qt 104313 0 0 0 0 0 0 0 0 
#qt 104314 1.59806 1.47491 1.38192 1.80076 1.62658 1.75062 2.71781 1.72618 
#qt 104321 0 0 0 0 0 0 0 0 
#qt 104322 0 0 0 0 0 0 0 0 
#qt 104323 0 0 0 0 0 0 0 0 
#qt 104324 0 0 0 0 0 0 0 0 
#qt 104331 0 0 0 0 0 0 0 0 
#qt 104332 0 0 0 0 0 0 0 0 
#qt 104333 0 0 0 0 0 0 0 0 
#qt 104334 0 0 0 0 0 0 0 0 
#qt 104341 0 0 0 0 0 0 0 0 
#qt 104342 0 0 0 0 0 0 0 0 
#qt 104343 0 0 0 0 0 0 0 0 
#qt 104344 0 0 0 0 0 0 0 0 
#qt 104411 0 0 0 0 0 0 0 0 
#qt 104412 1.49977 1.84923 1.59847 2.06224 2.07969 1.89044 3.02512 1.64515 
#qt 104413 0 0 0 0 0 0 0 0 
#qt 104414 0 0 0 0 0 0 0 0 
#qt 104421 0 0 0 0 0 0 0 0 
#qt 104422 0 0 0 0 0 0 0 0 
#qt 104423 0 0 0 0 0 0 0 0 
#qt 104424 0 0 0 0 0 0 0 0 
#qt 104431 0 0 0 0 0 0 0 0 
#qt 104432 0 0 0 0 0 0 0 0 
#qt 104433 0 0 0 0 0 0 0 0 
#qt 104434 0 0 0 0 0 0 0 0 
#qt 104441 0 0 0 0 0 0 0 0 
#qt 104442 0 0 0 0 0 0 0 0 
#qt 104443 0 0 0 0 0 0 0 0 
#qt 104444 0 0 0 0 0 0 0 0 
#qt 111111 0 0 0 0 0 0 0 0 
#qt 111112 0 0 0 0 0 0 0 0 
#qt 111113 0 0 0 0 0 0 0 0 
#qt 111114 0 0 0 0 0 0 0 0 
#qt 111121 0 0 0 0 0 0 0 0 
#qt 111122 0 0 0 0 0 0 0 0 
#qt 111123 1.34807 1.31248 1.28776 1.27147 1.14706 1.28782 2.03072 1.28971 
#qt 111124 0 0 0 0 0 0 0 0 
#qt 111131 0 0 0 0 0 0 0 0 
#qt 111132 0 0 0 0 0 0 0 0 
#qt 111133 0 0 0 0 0 0 0 0 
#qt 111134 0 0 0 0 0 0 0 0 
#qt 111141 0 0 0 0 0 0 0 0 
#qt 111142 0 0 0 0 0 0 0 0 
#qt 111143 0 0 0 0 0 0 0 0 
#qt 111144 0 0 0 0 0 0 0 0 
#qt 111211 0 0 0 0 0 0 0 0 
#qt 111212 0 0 0 0 0 0 0 0 
#qt 111213 0 0 0 0 0 0 0 0 
#qt 111214 0 0 0 0 0 0 0 0 
#qt 111221 0 0 0 0 0 0 0 0 
#qt 111222 1.57542 1.43167 1.40825 1.39203 1.44959 1.61339 2.25787 1.71357 
#qt 111223 0 0 0 0 0 0 0 0 
#qt 111224 0 0 0 0 0 0 0 0 
#qt 111231 0 0 0 0 0 0 0 0 
#qt 111232 0 0 0 0 0 0 0 0 
#qt 111233 0 0 0 0 0 0 0 0 
#qt 111234 0 0 0 0 0 0 0 0 
#qt 111241 0 0 0 0 0 0 0 0 
#qt 111242 0 0 0 0 0 0 0 0 
#qt 111243 0 0 0 0 0 0 0 0 
#qt 111244 0 0 0 0 0 0 0 0 
#qt 111311 0 0 0 0 0 0 0 0 
#qt 111312 0 0 0 0 0 0 0 0 
#qt 111313 0 0 0 0 0 0 0 0 
#qt 111314 0 0 0 0 0 0 0 0 
#qt 111321 0 0 0 0 0 0 0 0 
#qt 111322 0 0 0 0 0 0 0 0 
#qt 111323 0 0 0 0 0 0 0 0 
#qt 111324 0 0 0 0 0 0 0 0 
#qt 111331 0 0 0 0 0 0 0 0 
#qt 111332 0 0 0 0 0 0 0 0 
#qt 111333 0 0 0 0 0 0 0 0 
#qt 111334 0 0 0 0 0 0 0 0 
#qt 111341 0 0 0 0 0 0 0 0 
#qt 111342 0 0 0 0 0 0 0 0 
#qt 111343 0 0 0 0 0 0 0 0 
#qt 111344 0 0 0 0 0 0 0 0 
#qt 111411 0 0 0 0 0 0 0 0 
#qt 111412 0 0 0 0 0 0 0 0 
#qt 111413 1.99448 1.67216 1.66435 1.8873 1.78688 1.99408 1.9507 2.87268 
#qt 111414 0 0 0 0 0 0 0 0 
#qt 111421 0 0 0 0 0 0 0 0 
#qt 111422 0 0 0 0 0 0 0 0 
#qt 111423 0 0 0 0 0 0 0 0 
#qt 111424 0 0 0 0 0 0 0 0 
#qt 111431 0 0 0 0 0 0 0 0 
#qt 111432 0 0 0 0 0 0 0 0 
#qt 111433 0 0 0 0 0 0 0 0 
#qt 111434 0 0 0 0 0 0 0 0 
#qt 111441 0 0 0 0 0 0 0 0 
#qt 111442 0 0 0 0 0 0 0 0 
#qt 111443 0 0 0 0 0 0 0 0 
#qt 111444 0 0 0 0 0 0 0 0 
#qt 112111 0 0 0 0 0 0 0 0 
#qt 112112 0 0 0 0 0 0 0 0 
#qt 112113 0 0 0 0 0 0 0 0 
#qt 112114 1.36403 1.44366 1.49933 1.30035 1.4766 1.34334 1.35162 2.24184 
#qt 112121 0 0 0 0 0 0 0 0 
#qt 112122 0 0 0 0 0 0 0 0 
#qt 112123 0 0 0 0 0 0 0 0 
#qt 112124 0 0 0 0 0 0 0 0 
#qt 112131 1.08736 1.22435 1.09852 1.42254 2.04992 1.31503 1.24068 1.21621 
#qt 112132 1.65434 1.39279 1.58385 1.56647 1.46138 1.38736 1.92832 2.77683 
#qt 112133 0 0 0 0 0 0 0 0 
#qt 112134 0 0 0 0 0 0 0 0 
#qt 112141 0 0 0 0 0 0 0 0 
#qt 112142 0 0 0 0 0 0 0 0 
#qt 112143 0 0 0 0 0 0 0 0 
#qt 112144 0 0 0 0 0 0 0 0 
#qt 112211 0 0 0 0 0 0 0 0 
#qt 112212 0 0 0 0 0 0 0 0 
#qt 112213 0 0 0 0 0 0 0 0 
#qt 112214 1.36313 1.35509 1.34823 1.32499 1.39545 1.55341 1.38063 2.4161 
#qt 112221 0 0 0 0 0 0 0 0 
#qt 112222 0 0 0 0 0 0 0 0 
#qt 112223 0 0 0 0 0 0 0 0 
#qt 112224 0 0 0 0 0 0 0 0 
#qt 112231 0 0 0 0 0 0 0 0 
#qt 112232 0 0 0 0 0 0 0 0 
#qt 112233 0 0 0 0 0 0 0 0 
#qt 112234 0 0 0 0 0 0 0 0 
#qt 112241 0 0 0 0 0 0 0 0 
#qt 112242 0 0 0 0 0 0 0 0 
#qt 112243 0 0 0 0 0 0 0 0 
#qt 112244 0 0 0 0 0 0 0 0 
#qt 112311 0 0 0 0 0 0 0 0 
#qt 112312 0 0 0 0 0 0 0 0 
#qt 112313 0 0 0 0 0 0 0 0 
#qt 112314 0 0 0 0 0 0 0 0 
#qt 112321 0 0 0 0 0 0 0 0 
#qt 112322 0 0 0 0 0 0 0 0 
#qt 112323 0 0 0 0 0 0 0 0 
#qt 112324 0 0 0 0 0 0 0 0 
#qt 112331 0 0 0 0 0 0 0 0 
#qt 112332 0 0 0 0 0 0 0 0 
#qt 112333 0 0 0 0 0 0 0 0 
#qt 112334 0 0 0 0 0 0 0 0 
#qt 112341 0 0 0 0 0 0 0 0 
#qt 112342 0 0 0 0 0 0 0 0 
#qt 112343 0 0 0 0 0 0 0 0 
#qt 112344 0 0 0 0 0 0 0 0 
#qt 112411 0 0 0 0 0 0 0 0 
#qt 112412 0 0 0 0 0 0 0 0 
#qt 112413 0 0 0 0 0 0 0 0 
#qt 112414 0 0 0 0 0 0 0 0 
#qt 112421 0 0 0 0 0 0 0 0 
#qt 112422 0 0 0 0 0 0 0 0 
#qt 112423 0 0 0 0 0 0 0 0 
#qt 112424 0 0 0 0 0 0 0 0 
#qt 112431 0 0 0 0 0 0 0 0 
#qt 112432 0 0 0 0 0 0 0 0 
#qt 112433 0 0 0 0 0 0 0 0 
#qt 112434 0 0 0 0 0 0 0 0 
#qt 112441 0 0 0 0 0 0 0 0 
#qt 112442 0 0 0 0 0 0 0 0 
#qt 112443 0 0 0 0 0 0 0 0 
#qt 112444 0 0 0 0 0 0 0 0 
#qt 113111 0 0 0 0 0 0 0 0 
#qt 113112 0 0 0 0 0 0 0 0 
#qt 113113 0 0 0 0 0 0 0 0 
#qt 113114 0 0 0 0 0 0 0 0 
#qt 113121 0 0 0 0 0 0 0 0 
#qt 113122 1.92314 2.00243 1.71266 1.79687 1.61671 1.775 1.78509 2.92044 
#qt 113123 0 0 0 0 0 0 0 0 
#qt 113124 0 0 0 0 0 0 0 0 
#qt 113131 0 0 0 0 0 0 0 0 
#qt 113132 0 0 0 0 0 0 0 0 
#qt 113133 0 0 0 0 0 0 0 0 
#qt 113134 0 0 0 0 0 0 0 0 
#qt 113141 0 0 0 0 0 0 0 0 
#qt 113142 0 0 0 0 0 0 0 0 
#qt 113143 0 0 0 0 0 0 0 0 
#qt 113144 0 0 0 0 0 0 0 0 
#qt 113211 0 0 0 0 0 0 0 0 
#qt 113212 0 0 0 0 0 0 0 0 
#qt 113213 0 0 0 0 0 0 0 0 
#qt 113214 0 0 0 0 0 0 0 0 
#qt 113221 0 0 0 0 0 0 0 0 
#qt 113222 0 0 0 0 0 0 0 0 
#qt 113223 0 0 0 0 0 0 0 0 
#qt 113224 0 0 0 0 0 0 0 0 
#qt 113231 0 0 0 0 0 0 0 0 
#qt 113232 0 0 0 0 0 0 0 0 
#qt 113233 0 0 0 0 0 0 0 0 
#qt 113234 0 0 0 0 0 0 0 0 
#qt 113241 0 0 0 0 0 0 0 0 
#qt 113242 0 0 0 0 0 0 0 0 
#qt 113243 0 0 0 0 0 0 0 0 
#qt 113244 0 0 0 0 0 0 0 0 
#qt 113311 0 0 0 0 0 0 0 0 
#qt 113312 0 0 0 0 0 0 0 0 
#qt 113313 0 0 0 0 0 0 0 0 
#qt 113314 0 0 0 0 0 0 0 0 
#qt 113321 1.22256 1.64981 1.53932 1.7075 1.59329 2.29408 1.71117 1.70482 
#qt 113322 0 0 0 0 0 0 0 0 
#qt 113323 0 0 0 0 0 0 0 0 
#qt 113324 0 0 0 0 0 0 0 0 
#qt 113331 0 0 0 0 0 0 0 0 
#qt 113332 0 0 0 0 0 0 0 0 
#qt 113333 0 0 0 0 0 0 0 0 
#qt 113334 0 0 0 0 0 0 0 0 
#qt 113341 0 0 0 0 0 0 0 0 
#qt 113342 0 0 0 0 0 0 0 0 
#qt 113343 0 0 0 0 0 0 0 0 
#qt 113344 0 0 0 0 0 0 0 0 
#qt 113411 0 0 0 0 0 0 0 0 
#qt 113412 0 0 0 0 0 0 0 0 
#qt 113413 0 0 0 0 0 0 0 0 
#qt 113414 0 0 0 0 0 0 0 0 
#qt 113421 0 0 0 0 0 0 0 0 
#qt 113422 0 0 0 0 0 0 0 0 
#qt 113423 0 0 0 0 0 0 0 0 
#qt 113424 0 0 0 0 0 0 0 0 
#qt 113431 0 0 0 0 0 0 0 0 
#qt 113432 0 0 0 0 0 0 0 0 
#qt 113433 0 0 0 0 0 0 0 0 
#qt 113434 0 0 0 0 0 0 0 0 
#qt 113441 0 0 0 0 0 0 0 0 
#qt 113442 0 0 0 0 0 0 0 0 
#qt 113443 0 0 0 0 0 0 0 0 
#qt 113444 0 0 0 0 0 0 0 0 
#qt 114111 0 0 0 0 0 0 0 0 
#qt 114112 0 0 0 0 0 0 0 0 
#qt 114113 0 0 0 0 0 0 0 0 
#qt 114114 0 0 0 0 0 0 0 0 
#qt 114121 0 0 0 0 0 0 0 0 
#qt 114122 0 0 0 0 0 0 0 0 
#qt 114123 0 0 0 0 0 0 0 0 
#qt 114124 0 0 0 0 0 0 0 0 
#qt 114131 0 0 0 0 0 0 0 0 
#qt 114132 0 0 0 0 0 0 0 0 
#qt 114133 0 0 0 0 0 0 0 0 
#qt 114134 0 0 0 0 0 0 0 0 
#qt 114141 0 0 0 0 0 0 0 0 
#qt 114142 0 0 0 0 0 0 0 0 
#qt 114143 0 0 0 0 0 0 0 0 
#qt 114144 0 0 0 0 0 0 0 0 
#qt 114211 0 0 0 0 0 0 0 0 
#qt 114212 0 0 0 0 0 0 0 0 
#qt 114213 0 0 0 0 0 0 0 0 
#qt 114214 0 0 0 0 0 0 0 0 
#qt 114221 0 0 0 0 0 0 0 0 
#qt 114222 0 0 0 0 0 0 0 0 
#qt 114223 0 0 0 0 0 0 0 0 
#qt 114224 0 0 0 0 0 0 0 0 
#qt 114231 0 0 0 0 0 0 0 0 
#qt 114232 0 0 0 0 0 0 0 0 
#qt 114233 0 0 0 0 0 0 0 0 
#qt 114234 0 0 0 0 0 0 0 0 
#qt 114241 0 0 0 0 0 0 0 0 
#qt 114242 0 0 0 0 0 0 0 0 
#qt 114243 0 0 0 0 0 0 0 0 
#qt 114244 0 0 0 0 0 0 0 0 
#qt 114311 0 0 0 0 0 0 0 0 
#qt 114312 0 0 0 0 0 0 0 0 
#qt 114313 0 0 0 0 0 0 0 0 
#qt 114314 1.38087 1.5247 1.22214 1.45297 1.50042 1.34331 2.31279 1.42727 
#qt 114321 0 0 0 0 0 0 0 0 
#qt 114322 0 0 0 0 0 0 0 0 
#qt 114323 0 0 0 0 0 0 0 0 
#qt 114324 0 0 0 0 0 0 0 0 
#qt 114331 0 0 0 0 0 0 0 0 
#qt 114332 0 0 0 0 0 0 0 0 
#qt 114333 0 0 0 0 0 0 0 0 
#qt 114334 0 0 0 0 0 0 0 0 
#qt 114341 0 0 0 0 0 0 0 0 
#qt 114342 0 0 0 0 0 0 0 0 
#qt 114343 0 0 0 0 0 0 0 0 
#qt 114344 0 0 0 0 0 0 0 0 
#qt 114411 0 0 0 0 0 0 0 0 
#qt 114412 1.6169 1.80737 1.36625 1.49315 1.45308 1.48189 1.51595 2.55042 
#qt 114413 0 0 0 0 0 0 0 0 
#qt 114414 0 0 0 0 0 0 0 0 
#qt 114421 0 0 0 0 0 0 0 0 
#qt 114422 0 0 0 0 0 0 0 0 
#qt 114423 0 0 0 0 0 0 0 0 
#qt 114424 0 0 0 0 0 0 0 0 
#qt 114431 0 0 0 0 0 0 0 0 
#qt 114432 0 0 0 0 0 0 0 0 
#qt 114433 0 0 0 0 0 0 0 0 
#qt 114434 0 0 0 0 0 0 0 0 
#qt 114441 0 0 0 0 0 0 0 0 
#qt 114442 0 0 0 0 0 0 0 0 
#qt 114443 0 0 0 0 0 0 0 0 
#qt 114444 0 0 0 0 0 0 0 0 
#qt 121111 0 0 0 0 0 0 0 0 
#qt 121112 0 0 0 0 0 0 0 0 
#qt 121113 1.26652 1.13137 1.13313 1.20814 1.13267 1.02615 1.88139 1.16803 
#qt 121114 0 0 0 0 0 0 0 0 
#qt 121121 0 0 0 0 0 0 0 0 
#qt 121122 0 0 0 0 0 0 0 0 
#qt 121123 1.12354 1.24871 1.27576 1.29049 1.39017 1.33188 2.14773 1.27588 
#qt 121124 0 0 0 0 0 0 0 0 
#qt 121131 0 0 0 0 0 0 0 0 
#qt 121132 0 0 0 0 0 0 0 0 
#qt 121133 0 0 0 0 0 0 0 0 
#qt 121134 0 0 0 0 0 0 0 0 
#qt 121141 0 0 0 0 0 0 0 0 
#qt 121142 1.09555 1.30841 0.981831 1.20415 1.44618 2.39695 1.19078 1.21211 
#qt 121143 0 0 0 0 0 0 0 0 
#qt 121144 0 0 0 0 0 0 0 0 
#qt 121211 0 0 0 0 0 0 0 0 
#qt 121212 1.46045 1.41274 1.13666 1.48665 1.27722 2.08898 1.35669 1.2852 
#qt 121213 0 0 0 0 0 0 0 0 
#qt 121214 0 0 0 0 0 0 0 0 
#qt 121221 0 0 0 0 0 0 0 0 
#qt 121222 1.39895 1.55708 1.37742 1.35774 1.42942 2.49216 1.50187 1.51686 
#qt 121223 0 0 0 0 0 0 0 0 
#qt 121224 0 0 0 0 0 0 0 0 
#qt 121231 0 0 0 0 0 0 0 0 
#qt 121232 0 0 0 0 0 0 0 0 
#qt 121233 0 0 0 0 0 0 0 0 
#qt 121234 0 0 0 0 0 0 0 0 
#qt 121241 0 0 0 0 0 0 0 0 
#qt 121242 0 0 0 0 0 0 0 0 
#qt 121243 0 0 0 0 0 0 0 0 
#qt 121244 0 0 0 0 0 0 0 0 
#qt 121311 0 0 0 0 0 0 0 0 
#qt 121312 0 0 0 0 0 0 0 0 
#qt 121313 0 0 0 0 0 0 0 0 
#qt 121314 0 0 0 0 0 0 0 0 
#qt 121321 0 0 0 0 0 0 0 0 
#qt 121322 0 0 0 0 0 0 0 0 
#qt 121323 0 0 0 0 0 0 0 0 
#qt 121324 0 0 0 0 0 0 0 0 
#qt 121331 0 0 0 0 0 0 0 0 
#qt 121332 0 0 0 0 0 0 0 0 
#qt 121333 0 0 0 0 0 0 0 0 
#qt 121334 0 0 0 0 0 0 0 0 
#qt 121341 1.04767 0.987559 1.10113 1.02851 1.9155 1.01535 1.26844 1.08197 
#qt 121342 0 0 0 0 0 0 0 0 
#qt 121343 0 0 0 0 0 0 0 0 
#qt 121344 0 0 0 0 0 0 0 0 
#qt 121411 0 0 0 0 0 0 0 0 
#qt 121412 0 0 0 0 0 0 0 0 
#qt 121413 0 0 0 0 0 0 0 0 
#qt 121414 0 0 0 0 0 0 0 0 
#qt 121421 0 0 0 0 0 0 0 0 
#qt 121422 0 0 0 0 0 0 0 0 
#qt 121423 0 0 0 0 0 0 0 0 
#qt 121424 0 0 0 0 0 0 0 0 
#qt 121431 0 0 0 0 0 0 0 0 
#qt 121432 0 0 0 0 0 0 0 0 
#qt 121433 0 0 0 0 0 0 0 0 
#qt 121434 0 0 0 0 0 0 0 0 
#qt 121441 0 0 0 0 0 0 0 0 
#qt 121442 0 0 0 0 0 0 0 0 
#qt 121443 0 0 0 0 0 0 0 0 
#qt 121444 0 0 0 0 0 0 0 0 
#qt 122111 0 0 0 0 0 0 0 0 
#qt 122112 0 0 0 0 0 0 0 0 
#qt 122113 0 0 0 0 0 0 0 0 
#qt 122114 0 0 0 0 0 0 0 0 
#qt 122121 0 0 0 0 0 0 0 0 
#qt 122122 0 0 0 0 0 0 0 0 
#qt 122123 0 0 0 0 0 0 0 0 
#qt 122124 0 0 0 0 0 0 0 0 
#qt 122131 1.19331 1.31771 1.57887 1.43452 2.271 1.34372 1.42459 1.48478 
#qt 122132 1.11732 1.48563 1.31259 1.237 1.59648 2.63277 1.57536 1.3234 
#qt 122133 0 0 0 0 0 0 0 0 
#qt 122134 0 0 0 0 0 0 0 0 
#qt 122141 0 0 0 0 0 0 0 0 
#qt 122142 0 0 0 0 0 0 0 0 
#qt 122143 0 0 0 0 0 0 0 0 
#qt 122144 0 0 0 0 0 0 0 0 
#qt 122211 0 0 0 0 0 0 0 0 
#qt 122212 0 0 0 0 0 0 0 0 
#qt 122213 0 0 0 0 0 0 0 0 
#qt 122214 0 0 0 0 0 0 0 0 
#qt 122221 0 0 0 0 0 0 0 0 
#qt 122222 0 0 0 0 0 0 0 0 
#qt 122223 0 0 0 0 0 0 0 0 
#qt 122224 0 0 0 0 0 0 0 0 
#qt 122231 0 0 0 0 0 0 0 0 
#qt 122232 0 0 0 0 0 0 0 0 
#qt 122233 0 0 0 0 0 0 0 0 
#qt 122234 0 0 0 0 0 0 0 0 
#qt 122241 0 0 0 0 0 0 0 0 
#qt 122242 0 0 0 0 0 0 0 0 
#qt 122243 0 0 0 0 0 0 0 0 
#qt 122244 0 0 0 0 0 0 0 0 
#qt 122311 0 0 0 0 0 0 0 0 
#qt 122312 0 0 0 0 0 0 0 0 
#qt 122313 0 0 0 0 0 0 0 0 
#qt 122314 0 0 0 0 0 0 0 0 
#qt 122321 0 0 0 0 0 0 0 0 
#qt 122322 0 0 0 0 0 0 0 0 
#qt 122323 0 0 0 0 0 0 0 0 
#qt 122324 0 0 0 0 0 0 0 0 
#qt 122331 0 0 0 0 0 0 0 0 
#qt 122332 0 0 0 0 0 0 0 0 
#qt 122333 0 0 0 0 0 0 0 0 
#qt 122334 0 0 0 0 0 0 0 0 
#qt 122341 0 0 0 0 0 0 0 0 
#qt 122342 0 0 0 0 0 0 0 0 
#qt 122343 0 0 0 0 0 0 0 0 
#qt 122344 0 0 0 0 0 0 0 0 
#qt 122411 0 0 0 0 0 0 0 0 
#qt 122412 0 0 0 0 0 0 0 0 
#qt 122413 0 0 0 0 0 0 0 0 
#qt 122414 0 0 0 0 0 0 0 0 
#qt 122421 0 0 0 0 0 0 0 0 
#qt 122422 0 0 0 0 0 0 0 0 
#qt 122423 0 0 0 0 0 0 0 0 
#qt 122424 0 0 0 0 0 0 0 0 
#qt 122431 0 0 0 0 0 0 0 0 
#qt 122432 0 0 0 0 0 0 0 0 
#qt 122433 0 0 0 0 0 0 0 0 
#qt 122434 0 0 0 0 0 0 0 0 
#qt 122441 0 0 0 0 0 0 0 0 
#qt 122442 0 0 0 0 0 0 0 0 
#qt 122443 0 0 0 0 0 0 0 0 
#qt 122444 0 0 0 0 0 0 0 0 
#qt 123111 0 0 0 0 0 0 0 0 
#qt 123112 0 0 0 0 0 0 0 0 
#qt 123113 0 0 0 0 0 0 0 0 
#qt 123114 0 0 0 0 0 0 0 0 
#qt 123121 0 0 0 0 0 0 0 0 
#qt 123122 1.24517 1.39372 1.38413 1.23111 1.40495 2.6444 1.34627 1.2126 
#qt 123123 0 0 0 0 0 0 0 0 
#qt 123124 0 0 0 0 0 0 0 0 
#qt 123131 0 0 0 0 0 0 0 0 
#qt 123132 0 0 0 0 0 0 0 0 
#qt 123133 0 0 0 0 0 0 0 0 
#qt 123134 0 0 0 0 0 0 0 0 
#qt 123141 0 0 0 0 0 0 0 0 
#qt 123142 0 0 0 0 0 0 0 0 
#qt 123143 0 0 0 0 0 0 0 0 
#qt 123144 0 0 0 0 0 0 0 0 
#qt 123211 0 0 0 0 0 0 0 0 
#qt 123212 0 0 0 0 0 0 0 0 
#qt 123213 0 0 0 0 0 0 0 0 
#qt 123214 0 0 0 0 0 0 0 0 
#qt 123221 0 0 0 0 0 0 0 0 
#qt 123222 0 0 0 0 0 0 0 0 
#qt 123223 0 0 0 0 0 0 0 0 
#qt 123224 0 0 0 0 0 0 0 0 
#qt 123231 0 0 0 0 0 0 0 0 
#qt 123232 0 0 0 0 0 0 0 0 
#qt 123233 0 0 0 0 0 0 0 0 
#qt 123234 0 0 0 0 0 0 0 0 
#qt 123241 0 0 0 0 0 0 0 0 
#qt 123242 0 0 0 0 0 0 0 0 
#qt 123243 0 0 0 0 0 0 0 0 
#qt 123244 0 0 0 0 0 0 0 0 
#qt 123311 0 0 0 0 0 0 0 0 
#qt 123312 0 0 0 0 0 0 0 0 
#qt 123313 0 0 0 0 0 0 0 0 
#qt 123314 0 0 0 0 0 0 0 0 
#qt 123321 1.36713 1.64143 1.46975 1.62108 1.729 2.64059 1.44192 1.74299 
#qt 123322 0 0 0 0 0 0 0 0 
#qt 123323 0 0 0 0 0 0 0 0 
#qt 123324 0 0 0 0 0 0 0 0 
#qt 123331 0 0 0 0 0 0 0 0 
#qt 123332 0 0 0 0 0 0 0 0 
#qt 123333 0 0 0 0 0 0 0 0 
#qt 123334 0 0 0 0 0 0 0 0 
#qt 123341 0 0 0 0 0 0 0 0 
#qt 123342 0 0 0 0 0 0 0 0 
#qt 123343 0 0 0 0 0 0 0 0 
#qt 123344 0 0 0 0 0 0 0 0 
#qt 123411 0 0 0 0 0 0 0 0 
#qt 123412 0 0 0 0 0 0 0 0 
#qt 123413 0 0 0 0 0 0 0 0 
#qt 123414 0 0 0 0 0 0 0 0 
#qt 123421 0 0 0 0 0 0 0 0 
#qt 123422 0 0 0 0 0 0 0 0 
#qt 123423 0 0 0 0 0 0 0 0 
#qt 123424 0 0 0 0 0 0 0 0 
#qt 123431 0 0 0 0 0 0 0 0 
#qt 123432 0 0 0 0 0 0 0 0 
#qt 123433 0 0 0 0 0 0 0 0 
#qt 123434 0 0 0 0 0 0 0 0 
#qt 123441 0 0 0 0 0 0 0 0 
#qt 123442 0 0 0 0 0 0 0 0 
#qt 123443 0 0 0 0 0 0 0 0 
#qt 123444 0 0 0 0 0 0 0 0 
#qt 124111 0 0 0 0 0 0 0 0 
#qt 124112 0 0 0 0 0 0 0 0 
#qt 124113 0 0 0 0 0 0 0 0 
#qt 124114 0 0 0 0 0 0 0 0 
#qt 124121 0 0 0 0 0 0 0 0 
#qt 124122 0 0 0 0 0 0 0 0 
#qt 124123 0 0 0 0 0 0 0 0 
#qt 124124 0 0 0 0 0 0 0 0 
#qt 124131 0 0 0 0 0 0 0 0 
#qt 124132 0 0 0 0 0 0 0 0 
#qt 124133 0 0 0 0 0 0 0 0 
#qt 124134 0 0 0 0 0 0 0 0 
#qt 124141 0 0 0 0 0 0 0 0 
#qt 124142 0 0 0 0 0 0 0 0 
#qt 124143 0 0 0 0 0 0 0 0 
#qt 124144 0 0 0 0 0 0 0 0 
#qt 124211 0 0 0 0 0 0 0 0 
#qt 124212 0 0 0 0 0 0 0 0 
#qt 124213 0 0 0 0 0 0 0 0 
#qt 124214 0 0 0 0 0 0 0 0 
#qt 124221 0 0 0 0 0 0 0 0 
#qt 124222 0 0 0 0 0 0 0 0 
#qt 124223 0 0 0 0 0 0 0 0 
#qt 124224 0 0 0 0 0 0 0 0 
#qt 124231 0 0 0 0 0 0 0 0 
#qt 124232 0 0 0 0 0 0 0 0 
#qt 124233 0 0 0 0 0 0 0 0 
#qt 124234 0 0 0 0 0 0 0 0 
#qt 124241 0 0 0 0 0 0 0 0 
#qt 124242 0 0 0 0 0 0 0 0 
#qt 124243 0 0 0 0 0 0 0 0 
#qt 124244 0 0 0 0 0 0 0 0 
#qt 124311 0 0 0 0 0 0 0 0 
#qt 124312 0 0 0 0 0 0 0 0 
#qt 124313 0 0 0 0 0 0 0 0 
#qt 124314 0 0 0 0 0 0 0 0 
#qt 124321 0 0 0 0 0 0 0 0 
#qt 124322 0 0 0 0 0 0 0 0 
#qt 124323 0 0 0 0 0 0 0 0 
#qt 124324 0 0 0 0 0 0 0 0 
#qt 124331 0 0 0 0 0 0 0 0 
#qt 124332 0 0 0 0 0 0 0 0 
#qt 124333 0 0 0 0 0 0 0 0 
#qt 124334 0 0 0 0 0 0 0 0 
#qt 124341 0 0 0 0 0 0 0 0 
#qt 124342 0 0 0 0 0 0 0 0 
#qt 124343 0 0 0 0 0 0 0 0 
#qt 124344 0 0 0 0 0 0 0 0 
#qt 124411 0 0 0 0 0 0 0 0 
#qt 124412 0 0 0 0 0 0 0 0 
#qt 124413 0 0 0 0 0 0 0 0 
#qt 124414 0 0 0 0 0 0 0 0 
#qt 124421 0 0 0 0 0 0 0 0 
#qt 124422 0 0 0 0 0 0 0 0 
#qt 124423 0 0 0 0 0 0 0 0 
#qt 124424 0 0 0 0 0 0 0 0 
#qt 124431 0 0 0 0 0 0 0 0 
#qt 124432 0 0 0 0 0 0 0 0 
#qt 124433 0 0 0 0 0 0 0 0 
#qt 124434 0 0 0 0 0 0 0 0 
#qt 124441 0 0 0 0 0 0 0 0 
#qt 124442 0 0 0 0 0 0 0 0 
#qt 124443 0 0 0 0 0 0 0 0 
#qt 124444 0 0 0 0 0 0 0 0 
#qt 201111 0 0 0 0 0 0 0 0 
#qt 201112 0 0 0 0 0 0 0 0 
#qt 201113 0 0 0 0 0 0 0 0 
#qt 201114 0 0 0 0 0 0 0 0 
#qt 201121 0 0 0 0 0 0 0 0 
#qt 201122 0 0 0 0 0 0 0 0 
#qt 201123 0 0 0 0 0 0 0 0 
#qt 201124 0 0 0 0 0 0 0 0 
#qt 201131 0 0 0 0 0 0 0 0 
#qt 201132 0 0 0 0 0 0 0 0 
#qt 201133 0 0 0 0 0 0 0 0 
#qt 201134 0 0 0 0 0 0 0 0 
#qt 201141 0 0 0 0 0 0 0 0 
#qt 201142 1.15713 0.994596 0.922874 1.01183 1.02124 1.77284 1.1606 1.1031 
#qt 201143 0 0 0 0 0 0 0 0 
#qt 201144 0 0 0 0 0 0 0 0 
#qt 201211 0 0 0 0 0 0 0 0 
#qt 201212 2.35932 2.09051 3.20887 2.31428 1.95797 1.62596 1.66493 2.10212 
#qt 201213 0 0 0 0 0 0 0 0 
#qt 201214 0 0 0 0 0 0 0 0 
#qt 201221 0 0 0 0 0 0 0 0 
#qt 201222 2.12763 1.90387 3.18497 1.39553 1.62859 1.55494 1.7203 1.723 
#qt 201223 0 0 0 0 0 0 0 0 
#qt 201224 0 0 0 0 0 0 0 0 
#qt 201231 0 0 0 0 0 0 0 0 
#qt 201232 0 0 0 0 0 0 0 0 
#qt 201233 0 0 0 0 0 0 0 0 
#qt 201234 0 0 0 0 0 0 0 0 
#qt 201241 1.22583 1.27739 1.26136 1.83456 1.0711 1.08084 1.35971 1.13825 
#qt 201242 0 0 0 0 0 0 0 0 
#qt 201243 0 0 0 0 0 0 0 0 
#qt 201244 0 0 0 0 0 0 0 0 
#qt 201311 0 0 0 0 0 0 0 0 
#qt 201312 0 0 0 0 0 0 0 0 
#qt 201313 0 0 0 0 0 0 0 0 
#qt 201314 0 0 0 0 0 0 0 0 
#qt 201321 0 0 0 0 0 0 0 0 
#qt 201322 0 0 0 0 0 0 0 0 
#qt 201323 0 0 0 0 0 0 0 0 
#qt 201324 0 0 0 0 0 0 0 0 
#qt 201331 0 0 0 0 0 0 0 0 
#qt 201332 0 0 0 0 0 0 0 0 
#qt 201333 0 0 0 0 0 0 0 0 
#qt 201334 0 0 0 0 0 0 0 0 
#qt 201341 1.45505 1.51806 2.79713 1.48182 1.52386 1.46137 1.35784 1.41732 
#qt 201342 0 0 0 0 0 0 0 0 
#qt 201343 0 0 0 0 0 0 0 0 
#qt 201344 0 0 0 0 0 0 0 0 
#qt 201411 0 0 0 0 0 0 0 0 
#qt 201412 0 0 0 0 0 0 0 0 
#qt 201413 1.64858 1.62916 2.29737 1.89657 1.51752 1.79826 1.51373 1.50473 
#qt 201414 0 0 0 0 0 0 0 0 
#qt 201421 0 0 0 0 0 0 0 0 
#qt 201422 0 0 0 0 0 0 0 0 
#qt 201423 0 0 0 0 0 0 0 0 
#qt 201424 0 0 0 0 0 0 0 0 
#qt 201431 0 0 0 0 0 0 0 0 
#qt 201432 0 0 0 0 0 0 0 0 
#qt 201433 0 0 0 0 0 0 0 0 
#qt 201434 0 0 0 0 0 0 0 0 
#qt 201441 0 0 0 0 0 0 0 0 
#qt 201442 0 0 0 0 0 0 0 0 
#qt 201443 0 0 0 0 0 0 0 0 
#qt 201444 0 0 0 0 0 0 0 0 
#qt 202111 0 0 0 0 0 0 0 0 
#qt 202112 0 0 0 0 0 0 0 0 
#qt 202113 0 0 0 0 0 0 0 0 
#qt 202114 0 0 0 0 0 0 0 0 
#qt 202121 0 0 0 0 0 0 0 0 
#qt 202122 0 0 0 0 0 0 0 0 
#qt 202123 0 0 0 0 0 0 0 0 
#qt 202124 0 0 0 0 0 0 0 0 
#qt 202131 0 0 0 0 0 0 0 0 
#qt 202132 0.880003 0.889043 0.918421 0.870912 1.91914 1.02072 0.968212 1.0851 
#qt 202133 0 0 0 0 0 0 0 0 
#qt 202134 0 0 0 0 0 0 0 0 
#qt 202141 0 0 0 0 0 0 0 0 
#qt 202142 0 0 0 0 0 0 0 0 
#qt 202143 0 0 0 0 0 0 0 0 
#qt 202144 0 0 0 0 0 0 0 0 
#qt 202211 0 0 0 0 0 0 0 0 
#qt 202212 0 0 0 0 0 0 0 0 
#qt 202213 0 0 0 0 0 0 0 0 
#qt 202214 1.81049 1.76944 2.79638 1.83774 1.73105 1.96895 1.5769 1.60768 
#qt 202221 0 0 0 0 0 0 0 0 
#qt 202222 0 0 0 0 0 0 0 0 
#qt 202223 0 0 0 0 0 0 0 0 
#qt 202224 0 0 0 0 0 0 0 0 
#qt 202231 1.20083 1.07614 1.21559 2.07608 1.20279 1.00516 1.12377 1.2057 
#qt 202232 0 0 0 0 0 0 0 0 
#qt 202233 0 0 0 0 0 0 0 0 
#qt 202234 0 0 0 0 0 0 0 0 
#qt 202241 0 0 0 0 0 0 0 0 
#qt 202242 0 0 0 0 0 0 0 0 
#qt 202243 0 0 0 0 0 0 0 0 
#qt 202244 0 0 0 0 0 0 0 0 
#qt 202311 0 0 0 0 0 0 0 0 
#qt 202312 0 0 0 0 0 0 0 0 
#qt 202313 0 0 0 0 0 0 0 0 
#qt 202314 0 0 0 0 0 0 0 0 
#qt 202321 0 0 0 0 0 0 0 0 
#qt 202322 0 0 0 0 0 0 0 0 
#qt 202323 0 0 0 0 0 0 0 0 
#qt 202324 0 0 0 0 0 0 0 0 
#qt 202331 0 0 0 0 0 0 0 0 
#qt 202332 0 0 0 0 0 0 0 0 
#qt 202333 0 0 0 0 0 0 0 0 
#qt 202334 0 0 0 0 0 0 0 0 
#qt 202341 0 0 0 0 0 0 0 0 
#qt 202342 0 0 0 0 0 0 0 0 
#qt 202343 0 0 0 0 0 0 0 0 
#qt 202344 0 0 0 0 0 0 0 0 
#qt 202411 0 0 0 0 0 0 0 0 
#qt 202412 0 0 0 0 0 0 0 0 
#qt 202413 0 0 0 0 0 0 0 0 
#qt 202414 0 0 0 0 0 0 0 0 
#qt 202421 0 0 0 0 0 0 0 0 
#qt 202422 0 0 0 0 0 0 0 0 
#qt 202423 0 0 0 0 0 0 0 0 
#qt 202424 0 0 0 0 0 0 0 0 
#qt 202431 0 0 0 0 0 0 0 0 
#qt 202432 0 0 0 0 0 0 0 0 
#qt 202433 0 0 0 0 0 0 0 0 
#qt 202434 0 0 0 0 0 0 0 0 
#qt 202441 0 0 0 0 0 0 0 0 
#qt 202442 0 0 0 0 0 0 0 0 
#qt 202443 0 0 0 0 0 0 0 0 
#qt 202444 0 0 0 0 0 0 0 0 
#qt 203111 0 0 0 0 0 0 0 0 
#qt 203112 0 0 0 0 0 0 0 0 
#qt 203113 0 0 0 0 0 0 0 0 
#qt 203114 0 0 0 0 0 0 0 0 
#qt 203121 0 0 0 0 0 0 0 0 
#qt 203122 1.20216 1.41863 1.51885 2.33672 1.51382 1.38978 1.37138 1.35098 
#qt 203123 0 0 0 0 0 0 0 0 
#qt 203124 0 0 0 0 0 0 0 0 
#qt 203131 0 0 0 0 0 0 0 0 
#qt 203132 0 0 0 0 0 0 0 0 
#qt 203133 0 0 0 0 0 0 0 0 
#qt 203134 0 0 0 0 0 0 0 0 
#qt 203141 0 0 0 0 0 0 0 0 
#qt 203142 0 0 0 0 0 0 0 0 
#qt 203143 0 0 0 0 0 0 0 0 
#qt 203144 0 0 0 0 0 0 0 0 
#qt 203211 0 0 0 0 0 0 0 0 
#qt 203212 0 0 0 0 0 0 0 0 
#qt 203213 0 0 0 0 0 0 0 0 
#qt 203214 0 0 0 0 0 0 0 0 
#qt 203221 1.12526 1.17155 2.18302 1.30998 1.23339 1.3357 1.30916 1.22388 
#qt 203222 0 0 0 0 0 0 0 0 
#qt 203223 0 0 0 0 0 0 0 0 
#qt 203224 0 0 0 0 0 0 0 0 
#qt 203231 0 0 0 0 0 0 0 0 
#qt 203232 0 0 0 0 0 0 0 0 
#qt 203233 0 0 0 0 0 0 0 0 
#qt 203234 0 0 0 0 0 0 0 0 
#qt 203241 0 0 0 0 0 0 0 0 
#qt 203242 0 0 0 0 0 0 0 0 
#qt 203243 0 0 0 0 0 0 0 0 
#qt 203244 0 0 0 0 0 0 0 0 
#qt 203311 0 0 0 0 0 0 0 0 
#qt 203312 0 0 0 0 0 0 0 0 
#qt 203313 0 0 0 0 0 0 0 0 
#qt 203314 0 0 0 0 0 0 0 0 
#qt 203321 1.7788 1.6872 2.84094 1.63863 1.43215 1.45711 2.03623 2.12759 
#qt 203322 0 0 0 0 0 0 0 0 
#qt 203323 0 0 0 0 0 0 0 0 
#qt 203324 0 0 0 0 0 0 0 0 
#qt 203331 0 0 0 0 0 0 0 0 
#qt 203332 0 0 0 0 0 0 0 0 
#qt 203333 0 0 0 0 0 0 0 0 
#qt 203334 0 0 0 0 0 0 0 0 
#qt 203341 0 0 0 0 0 0 0 0 
#qt 203342 0 0 0 0 0 0 0 0 
#qt 203343 0 0 0 0 0 0 0 0 
#qt 203344 0 0 0 0 0 0 0 0 
#qt 203411 0 0 0 0 0 0 0 0 
#qt 203412 0 0 0 0 0 0 0 0 
#qt 203413 0 0 0 0 0 0 0 0 
#qt 203414 0 0 0 0 0 0 0 0 
#qt 203421 0 0 0 0 0 0 0 0 
#qt 203422 0 0 0 0 0 0 0 0 
#qt 203423 0 0 0 0 0 0 0 0 
#qt 203424 0 0 0 0 0 0 0 0 
#qt 203431 0 0 0 0 0 0 0 0 
#qt 203432 0 0 0 0 0 0 0 0 
#qt 203433 0 0 0 0 0 0 0 0 
#qt 203434 0 0 0 0 0 0 0 0 
#qt 203441 0 0 0 0 0 0 0 0 
#qt 203442 0 0 0 0 0 0 0 0 
#qt 203443 0 0 0 0 0 0 0 0 
#qt 203444 0 0 0 0 0 0 0 0 
#qt 204111 0 0 0 0 0 0 0 0 
#qt 204112 0 0 0 0 0 0 0 0 
#qt 204113 0 0 0 0 0 0 0 0 
#qt 204114 0 0 0 0 0 0 0 0 
#qt 204121 0 0 0 0 0 0 0 0 
#qt 204122 0 0 0 0 0 0 0 0 
#qt 204123 0 0 0 0 0 0 0 0 
#qt 204124 0 0 0 0 0 0 0 0 
#qt 204131 0 0 0 0 0 0 0 0 
#qt 204132 0 0 0 0 0 0 0 0 
#qt 204133 0 0 0 0 0 0 0 0 
#qt 204134 0 0 0 0 0 0 0 0 
#qt 204141 0 0 0 0 0 0 0 0 
#qt 204142 0 0 0 0 0 0 0 0 
#qt 204143 0 0 0 0 0 0 0 0 
#qt 204144 0 0 0 0 0 0 0 0 
#qt 204211 0 0 0 0 0 0 0 0 
#qt 204212 0 0 0 0 0 0 0 0 
#qt 204213 0 0 0 0 0 0 0 0 
#qt 204214 0 0 0 0 0 0 0 0 
#qt 204221 0 0 0 0 0 0 0 0 
#qt 204222 0 0 0 0 0 0 0 0 
#qt 204223 0 0 0 0 0 0 0 0 
#qt 204224 0 0 0 0 0 0 0 0 
#qt 204231 0 0 0 0 0 0 0 0 
#qt 204232 0 0 0 0 0 0 0 0 
#qt 204233 0 0 0 0 0 0 0 0 
#qt 204234 0 0 0 0 0 0 0 0 
#qt 204241 0 0 0 0 0 0 0 0 
#qt 204242 0 0 0 0 0 0 0 0 
#qt 204243 0 0 0 0 0 0 0 0 
#qt 204244 0 0 0 0 0 0 0 0 
#qt 204311 0 0 0 0 0 0 0 0 
#qt 204312 0 0 0 0 0 0 0 0 
#qt 204313 0 0 0 0 0 0 0 0 
#qt 204314 1.64017 2.0029 2.51977 1.7596 1.84849 1.67999 1.63875 1.74439 
#qt 204321 0 0 0 0 0 0 0 0 
#qt 204322 0 0 0 0 0 0 0 0 
#qt 204323 0 0 0 0 0 0 0 0 
#qt 204324 0 0 0 0 0 0 0 0 
#qt 204331 0 0 0 0 0 0 0 0 
#qt 204332 0 0 0 0 0 0 0 0 
#qt 204333 0 0 0 0 0 0 0 0 
#qt 204334 0 0 0 0 0 0 0 0 
#qt 204341 0 0 0 0 0 0 0 0 
#qt 204342 0 0 0 0 0 0 0 0 
#qt 204343 0 0 0 0 0 0 0 0 
#qt 204344 0 0 0 0 0 0 0 0 
#qt 204411 1.34061 2.09906 1.39683 1.1722 1.36352 1.15782 1.25641 1.39092 
#qt 204412 1.46167 1.39779 2.2119 1.34999 1.37165 1.50704 1.34359 1.39498 
#qt 204413 0 0 0 0 0 0 0 0 
#qt 204414 0 0 0 0 0 0 0 0 
#qt 204421 0 0 0 0 0 0 0 0 
#qt 204422 0 0 0 0 0 0 0 0 
#qt 204423 0 0 0 0 0 0 0 0 
#qt 204424 0 0 0 0 0 0 0 0 
#qt 204431 0 0 0 0 0 0 0 0 
#qt 204432 0 0 0 0 0 0 0 0 
#qt 204433 0 0 0 0 0 0 0 0 
#qt 204434 0 0 0 0 0 0 0 0 
#qt 204441 0 0 0 0 0 0 0 0 
#qt 204442 0 0 0 0 0 0 0 0 
#qt 204443 0 0 0 0 0 0 0 0 
#qt 204444 0 0 0 0 0 0 0 0 
#qt 211111 0 0 0 0 0 0 0 0 
#qt 211112 0 0 0 0 0 0 0 0 
#qt 211113 0 0 0 0 0 0 0 0 
#qt 211114 0 0 0 0 0 0 0 0 
#qt 211121 0 0 0 0 0 0 0 0 
#qt 211122 0 0 0 0 0 0 0 0 
#qt 211123 0 0 0 0 0 0 0 0 
#qt 211124 0 0 0 0 0 0 0 0 
#qt 211131 0 0 0 0 0 0 0 0 
#qt 211132 0 0 0 0 0 0 0 0 
#qt 211133 0 0 0 0 0 0 0 0 
#qt 211134 0 0 0 0 0 0 0 0 
#qt 211141 0 0 0 0 0 0 0 0 
#qt 211142 0 0 0 0 0 0 0 0 
#qt 211143 0 0 0 0 0 0 0 0 
#qt 211144 0 0 0 0 0 0 0 0 
#qt 211211 0 0 0 0 0 0 0 0 
#qt 211212 0 0 0 0 0 0 0 0 
#qt 211213 0 0 0 0 0 0 0 0 
#qt 211214 0 0 0 0 0 0 0 0 
#qt 211221 0 0 0 0 0 0 0 0 
#qt 211222 1.47438 1.59626 1.32639 1.42211 1.48518 1.40966 1.33946 2.57382 
#qt 211223 0 0 0 0 0 0 0 0 
#qt 211224 0 0 0 0 0 0 0 0 
#qt 211231 0 0 0 0 0 0 0 0 
#qt 211232 0 0 0 0 0 0 0 0 
#qt 211233 0 0 0 0 0 0 0 0 
#qt 211234 0 0 0 0 0 0 0 0 
#qt 211241 0 0 0 0 0 0 0 0 
#qt 211242 0 0 0 0 0 0 0 0 
#qt 211243 0 0 0 0 0 0 0 0 
#qt 211244 0 0 0 0 0 0 0 0 
#qt 211311 0 0 0 0 0 0 0 0 
#qt 211312 0 0 0 0 0 0 0 0 
#qt 211313 0 0 0 0 0 0 0 0 
#qt 211314 0 0 0 0 0 0 0 0 
#qt 211321 0 0 0 0 0 0 0 0 
#qt 211322 0 0 0 0 0 0 0 0 
#qt 211323 0 0 0 0 0 0 0 0 
#qt 211324 0 0 0 0 0 0 0 0 
#qt 211331 0 0 0 0 0 0 0 0 
#qt 211332 0 0 0 0 0 0 0 0 
#qt 211333 0 0 0 0 0 0 0 0 
#qt 211334 0 0 0 0 0 0 0 0 
#qt 211341 0 0 0 0 0 0 0 0 
#qt 211342 0 0 0 0 0 0 0 0 
#qt 211343 0 0 0 0 0 0 0 0 
#qt 211344 0 0 0 0 0 0 0 0 
#qt 211411 0 0 0 0 0 0 0 0 
#qt 211412 0 0 0 0 0 0 0 0 
#qt 211413 1.82684 2.56365 1.81798 1.89583 1.80123 1.9061 1.67914 1.7323 
#qt 211414 0 0 0 0 0 0 0 0 
#qt 211421 0 0 0 0 0 0 0 0 
#qt 211422 0 0 0 0 0 0 0 0 
#qt 211423 0 0 0 0 0 0 0 0 
#qt 211424 0 0 0 0 0 0 0 0 
#qt 211431 0 0 0 0 0 0 0 0 
#qt 211432 0 0 0 0 0 0 0 0 
#qt 211433 0 0 0 0 0 0 0 0 
#qt 211434 0 0 0 0 0 0 0 0 
#qt 211441 0 0 0 0 0 0 0 0 
#qt 211442 0 0 0 0 0 0 0 0 
#qt 211443 0 0 0 0 0 0 0 0 
#qt 211444 0 0 0 0 0 0 0 0 
#qt 212111 0 0 0 0 0 0 0 0 
#qt 212112 0 0 0 0 0 0 0 0 
#qt 212113 0 0 0 0 0 0 0 0 
#qt 212114 0 0 0 0 0 0 0 0 
#qt 212121 0 0 0 0 0 0 0 0 
#qt 212122 0 0 0 0 0 0 0 0 
#qt 212123 0 0 0 0 0 0 0 0 
#qt 212124 0 0 0 0 0 0 0 0 
#qt 212131 1.94873 2.90532 2.30092 1.65882 1.81776 2.06125 2.19084 2.02575 
#qt 212132 1.09238 1.172 1.2754 1.16588 1.96578 1.23444 1.18709 1.09771 
#qt 212133 0 0 0 0 0 0 0 0 
#qt 212134 0 0 0 0 0 0 0 0 
#qt 212141 0 0 0 0 0 0 0 0 
#qt 212142 0 0 0 0 0 0 0 0 
#qt 212143 0 0 0 0 0 0 0 0 
#qt 212144 0 0 0 0 0 0 0 0 
#qt 212211 0 0 0 0 0 0 0 0 
#qt 212212 0 0 0 0 0 0 0 0 
#qt 212213 0 0 0 0 0 0 0 0 
#qt 212214 2.49237 1.58067 1.29966 1.53301 1.47457 1.27113 1.19638 1.46975 
#qt 212221 0 0 0 0 0 0 0 0 
#qt 212222 0 0 0 0 0 0 0 0 
#qt 212223 0 0 0 0 0 0 0 0 
#qt 212224 0 0 0 0 0 0 0 0 
#qt 212231 1.24046 1.32788 1.32597 2.01494 1.28191 1.44544 1.21663 1.38172 
#qt 212232 0 0 0 0 0 0 0 0 
#qt 212233 0 0 0 0 0 0 0 0 
#qt 212234 0 0 0 0 0 0 0 0 
#qt 212241 0 0 0 0 0 0 0 0 
#qt 212242 0 0 0 0 0 0 0 0 
#qt 212243 0 0 0 0 0 0 0 0 
#qt 212244 0 0 0 0 0 0 0 0 
#qt 212311 0 0 0 0 0 0 0 0 
#qt 212312 0 0 0 0 0 0 0 0 
#qt 212313 0 0 0 0 0 0 0 0 
#qt 212314 0 0 0 0 0 0 0 0 
#qt 212321 0 0 0 0 0 0 0 0 
#qt 212322 0 0 0 0 0 0 0 0 
#qt 212323 0 0 0 0 0 0 0 0 
#qt 212324 0 0 0 0 0 0 0 0 
#qt 212331 0 0 0 0 0 0 0 0 
#qt 212332 0 0 0 0 0 0 0 0 
#qt 212333 0 0 0 0 0 0 0 0 
#qt 212334 0 0 0 0 0 0 0 0 
#qt 212341 0 0 0 0 0 0 0 0 
#qt 212342 0 0 0 0 0 0 0 0 
#qt 212343 0 0 0 0 0 0 0 0 
#qt 212344 0 0 0 0 0 0 0 0 
#qt 212411 0 0 0 0 0 0 0 0 
#qt 212412 0 0 0 0 0 0 0 0 
#qt 212413 0 0 0 0 0 0 0 0 
#qt 212414 0 0 0 0 0 0 0 0 
#qt 212421 0 0 0 0 0 0 0 0 
#qt 212422 0 0 0 0 0 0 0 0 
#qt 212423 0 0 0 0 0 0 0 0 
#qt 212424 0 0 0 0 0 0 0 0 
#qt 212431 0 0 0 0 0 0 0 0 
#qt 212432 0 0 0 0 0 0 0 0 
#qt 212433 0 0 0 0 0 0 0 0 
#qt 212434 0 0 0 0 0 0 0 0 
#qt 212441 0 0 0 0 0 0 0 0 
#qt 212442 0 0 0 0 0 0 0 0 
#qt 212443 0 0 0 0 0 0 0 0 
#qt 212444 0 0 0 0 0 0 0 0 
#qt 213111 0 0 0 0 0 0 0 0 
#qt 213112 0 0 0 0 0 0 0 0 
#qt 213113 0 0 0 0 0 0 0 0 
#qt 213114 0 0 0 0 0 0 0 0 
#qt 213121 0 0 0 0 0 0 0 0 
#qt 213122 1.28455 1.50385 1.65308 2.25629 1.44909 1.43738 1.41406 1.3479 
#qt 213123 0 0 0 0 0 0 0 0 
#qt 213124 0 0 0 0 0 0 0 0 
#qt 213131 0 0 0 0 0 0 0 0 
#qt 213132 0 0 0 0 0 0 0 0 
#qt 213133 0 0 0 0 0 0 0 0 
#qt 213134 0 0 0 0 0 0 0 0 
#qt 213141 0 0 0 0 0 0 0 0 
#qt 213142 0 0 0 0 0 0 0 0 
#qt 213143 0 0 0 0 0 0 0 0 
#qt 213144 0 0 0 0 0 0 0 0 
#qt 213211 0 0 0 0 0 0 0 0 
#qt 213212 0 0 0 0 0 0 0 0 
#qt 213213 0 0 0 0 0 0 0 0 
#qt 213214 0 0 0 0 0 0 0 0 
#qt 213221 1.12171 1.34024 2.13271 1.39022 1.25935 1.23807 1.24079 1.15363 
#qt 213222 0 0 0 0 0 0 0 0 
#qt 213223 0 0 0 0 0 0 0 0 
#qt 213224 0 0 0 0 0 0 0 0 
#qt 213231 0 0 0 0 0 0 0 0 
#qt 213232 0 0 0 0 0 0 0 0 
#qt 213233 0 0 0 0 0 0 0 0 
#qt 213234 0 0 0 0 0 0 0 0 
#qt 213241 0 0 0 0 0 0 0 0 
#qt 213242 0 0 0 0 0 0 0 0 
#qt 213243 0 0 0 0 0 0 0 0 
#qt 213244 0 0 0 0 0 0 0 0 
#qt 213311 0 0 0 0 0 0 0 0 
#qt 213312 0 0 0 0 0 0 0 0 
#qt 213313 0 0 0 0 0 0 0 0 
#qt 213314 0 0 0 0 0 0 0 0 
#qt 213321 2.67275 1.93787 1.65636 1.62892 1.4238 1.56976 1.81066 1.6068 
#qt 213322 0 0 0 0 0 0 0 0 
#qt 213323 0 0 0 0 0 0 0 0 
#qt 213324 0 0 0 0 0 0 0 0 
#qt 213331 0 0 0 0 0 0 0 0 
#qt 213332 0 0 0 0 0 0 0 0 
#qt 213333 0 0 0 0 0 0 0 0 
#qt 213334 0 0 0 0 0 0 0 0 
#qt 213341 0 0 0 0 0 0 0 0 
#qt 213342 0 0 0 0 0 0 0 0 
#qt 213343 0 0 0 0 0 0 0 0 
#qt 213344 0 0 0 0 0 0 0 0 
#qt 213411 0 0 0 0 0 0 0 0 
#qt 213412 0 0 0 0 0 0 0 0 
#qt 213413 0 0 0 0 0 0 0 0 
#qt 213414 0 0 0 0 0 0 0 0 
#qt 213421 0 0 0 0 0 0 0 0 
#qt 213422 0 0 0 0 0 0 0 0 
#qt 213423 0 0 0 0 0 0 0 0 
#qt 213424 0 0 0 0 0 0 0 0 
#qt 213431 0 0 0 0 0 0 0 0 
#qt 213432 0 0 0 0 0 0 0 0 
#qt 213433 0 0 0 0 0 0 0 0 
#qt 213434 0 0 0 0 0 0 0 0 
#qt 213441 0 0 0 0 0 0 0 0 
#qt 213442 0 0 0 0 0 0 0 0 
#qt 213443 0 0 0 0 0 0 0 0 
#qt 213444 0 0 0 0 0 0 0 0 
#qt 214111 0 0 0 0 0 0 0 0 
#qt 214112 0 0 0 0 0 0 0 0 
#qt 214113 0 0 0 0 0 0 0 0 
#qt 214114 0 0 0 0 0 0 0 0 
#qt 214121 0 0 0 0 0 0 0 0 
#qt 214122 0 0 0 0 0 0 0 0 
#qt 214123 0 0 0 0 0 0 0 0 
#qt 214124 0 0 0 0 0 0 0 0 
#qt 214131 0 0 0 0 0 0 0 0 
#qt 214132 0 0 0 0 0 0 0 0 
#qt 214133 0 0 0 0 0 0 0 0 
#qt 214134 0 0 0 0 0 0 0 0 
#qt 214141 0 0 0 0 0 0 0 0 
#qt 214142 0 0 0 0 0 0 0 0 
#qt 214143 0 0 0 0 0 0 0 0 
#qt 214144 0 0 0 0 0 0 0 0 
#qt 214211 0 0 0 0 0 0 0 0 
#qt 214212 0 0 0 0 0 0 0 0 
#qt 214213 0 0 0 0 0 0 0 0 
#qt 214214 0 0 0 0 0 0 0 0 
#qt 214221 0 0 0 0 0 0 0 0 
#qt 214222 0 0 0 0 0 0 0 0 
#qt 214223 0 0 0 0 0 0 0 0 
#qt 214224 0 0 0 0 0 0 0 0 
#qt 214231 0 0 0 0 0 0 0 0 
#qt 214232 0 0 0 0 0 0 0 0 
#qt 214233 0 0 0 0 0 0 0 0 
#qt 214234 0 0 0 0 0 0 0 0 
#qt 214241 0 0 0 0 0 0 0 0 
#qt 214242 0 0 0 0 0 0 0 0 
#qt 214243 0 0 0 0 0 0 0 0 
#qt 214244 0 0 0 0 0 0 0 0 
#qt 214311 0 0 0 0 0 0 0 0 
#qt 214312 0 0 0 0 0 0 0 0 
#qt 214313 0 0 0 0 0 0 0 0 
#qt 214314 1.7447 2.6205 1.43355 1.28377 1.5844 1.59466 1.42379 1.59131 
#qt 214321 0 0 0 0 0 0 0 0 
#qt 214322 0 0 0 0 0 0 0 0 
#qt 214323 0 0 0 0 0 0 0 0 
#qt 214324 0 0 0 0 0 0 0 0 
#qt 214331 0 0 0 0 0 0 0 0 
#qt 214332 0 0 0 0 0 0 0 0 
#qt 214333 0 0 0 0 0 0 0 0 
#qt 214334 0 0 0 0 0 0 0 0 
#qt 214341 0 0 0 0 0 0 0 0 
#qt 214342 0 0 0 0 0 0 0 0 
#qt 214343 0 0 0 0 0 0 0 0 
#qt 214344 0 0 0 0 0 0 0 0 
#qt 214411 1.37073 1.44225 2.08776 1.28025 1.29294 1.35102 1.37608 1.25925 
#qt 214412 1.38923 1.55127 2.31188 1.45918 1.42437 1.472 1.25787 1.36169 
#qt 214413 0 0 0 0 0 0 0 0 
#qt 214414 0 0 0 0 0 0 0 0 
#qt 214421 0 0 0 0 0 0 0 0 
#qt 214422 0 0 0 0 0 0 0 0 
#qt 214423 0 0 0 0 0 0 0 0 
#qt 214424 0 0 0 0 0 0 0 0 
#qt 214431 0 0 0 0 0 0 0 0 
#qt 214432 0 0 0 0 0 0 0 0 
#qt 214433 0 0 0 0 0 0 0 0 
#qt 214434 0 0 0 0 0 0 0 0 
#qt 214441 0 0 0 0 0 0 0 0 
#qt 214442 0 0 0 0 0 0 0 0 
#qt 214443 0 0 0 0 0 0 0 0 
#qt 214444 0 0 0 0 0 0 0 0 
#qt 221111 0 0 0 0 0 0 0 0 
#qt 221112 0 0 0 0 0 0 0 0 
#qt 221113 0 0 0 0 0 0 0 0 
#qt 221114 0 0 0 0 0 0 0 0 
#qt 221121 0 0 0 0 0 0 0 0 
#qt 221122 0 0 0 0 0 0 0 0 
#qt 221123 0 0 0 0 0 0 0 0 
#qt 221124 0 0 0 0 0 0 0 0 
#qt 221131 0 0 0 0 0 0 0 0 
#qt 221132 0 0 0 0 0 0 0 0 
#qt 221133 0 0 0 0 0 0 0 0 
#qt 221134 0 0 0 0 0 0 0 0 
#qt 221141 0 0 0 0 0 0 0 0 
#qt 221142 1.09071 1.19824 1.07144 1.19074 1.1092 1.92428 1.16284 1.02393 
#qt 221143 0 0 0 0 0 0 0 0 
#qt 221144 0 0 0 0 0 0 0 0 
#qt 221211 0 0 0 0 0 0 0 0 
#qt 221212 1.09342 1.17705 1.10961 1.30609 1.21457 2.31815 1.50805 1.25514 
#qt 221213 0 0 0 0 0 0 0 0 
#qt 221214 0 0 0 0 0 0 0 0 
#qt 221221 0 0 0 0 0 0 0 0 
#qt 221222 1.58397 1.84341 1.63914 2.76883 1.71902 1.37477 1.41249 1.35844 
#qt 221223 0 0 0 0 0 0 0 0 
#qt 221224 0 0 0 0 0 0 0 0 
#qt 221231 0 0 0 0 0 0 0 0 
#qt 221232 0 0 0 0 0 0 0 0 
#qt 221233 0 0 0 0 0 0 0 0 
#qt 221234 0 0 0 0 0 0 0 0 
#qt 221241 1.184 1.18519 1.23282 1.9739 1.2422 1.44407 1.25145 1.46904 
#qt 221242 0 0 0 0 0 0 0 0 
#qt 221243 0 0 0 0 0 0 0 0 
#qt 221244 0 0 0 0 0 0 0 0 
#qt 221311 0 0 0 0 0 0 0 0 
#qt 221312 0 0 0 0 0 0 0 0 
#qt 221313 0 0 0 0 0 0 0 0 
#qt 221314 0 0 0 0 0 0 0 0 
#qt 221321 0 0 0 0 0 0 0 0 
#qt 221322 0 0 0 0 0 0 0 0 
#qt 221323 0 0 0 0 0 0 0 0 
#qt 221324 0 0 0 0 0 0 0 0 
#qt 221331 0 0 0 0 0 0 0 0 
#qt 221332 0 0 0 0 0 0 0 0 
#qt 221333 0 0 0 0 0 0 0 0 
#qt 221334 0 0 0 0 0 0 0 0 
#qt 221341 1.28291 1.38611 1.32279 1.40158 2.26871 1.35529 1.18735 1.4073 
#qt 221342 0 0 0 0 0 0 0 0 
#qt 221343 0 0 0 0 0 0 0 0 
#qt 221344 0 0 0 0 0 0 0 0 
#qt 221411 0 0 0 0 0 0 0 0 
#qt 221412 0 0 0 0 0 0 0 0 
#qt 221413 0 0 0 0 0 0 0 0 
#qt 221414 0 0 0 0 0 0 0 0 
#qt 221421 0 0 0 0 0 0 0 0 
#qt 221422 0 0 0 0 0 0 0 0 
#qt 221423 0 0 0 0 0 0 0 0 
#qt 221424 0 0 0 0 0 0 0 0 
#qt 221431 0 0 0 0 0 0 0 0 
#qt 221432 0 0 0 0 0 0 0 0 
#qt 221433 0 0 0 0 0 0 0 0 
#qt 221434 0 0 0 0 0 0 0 0 
#qt 221441 0 0 0 0 0 0 0 0 
#qt 221442 0 0 0 0 0 0 0 0 
#qt 221443 0 0 0 0 0 0 0 0 
#qt 221444 0 0 0 0 0 0 0 0 
#qt 222111 0 0 0 0 0 0 0 0 
#qt 222112 0 0 0 0 0 0 0 0 
#qt 222113 0 0 0 0 0 0 0 0 
#qt 222114 0 0 0 0 0 0 0 0 
#qt 222121 0 0 0 0 0 0 0 0 
#qt 222122 0 0 0 0 0 0 0 0 
#qt 222123 0 0 0 0 0 0 0 0 
#qt 222124 0 0 0 0 0 0 0 0 
#qt 222131 1.41204 1.48683 1.81992 2.77533 1.74125 1.65769 1.82457 1.74948 
#qt 222132 1.19707 1.34576 1.26111 1.42035 2.09771 1.38781 1.41651 1.23091 
#qt 222133 0 0 0 0 0 0 0 0 
#qt 222134 0 0 0 0 0 0 0 0 
#qt 222141 0 0 0 0 0 0 0 0 
#qt 222142 0 0 0 0 0 0 0 0 
#qt 222143 0 0 0 0 0 0 0 0 
#qt 222144 0 0 0 0 0 0 0 0 
#qt 222211 0 0 0 0 0 0 0 0 
#qt 222212 0 0 0 0 0 0 0 0 
#qt 222213 0 0 0 0 0 0 0 0 
#qt 222214 0 0 0 0 0 0 0 0 
#qt 222221 0 0 0 0 0 0 0 0 
#qt 222222 0 0 0 0 0 0 0 0 
#qt 222223 0 0 0 0 0 0 0 0 
#qt 222224 0 0 0 0 0 0 0 0 
#qt 222231 1.25396 1.27118 1.57594 2.1431 1.48173 1.3877 1.30929 1.48369 
#qt 222232 0 0 0 0 0 0 0 0 
#qt 222233 0 0 0 0 0 0 0 0 
#qt 222234 0 0 0 0 0 0 0 0 
#qt 222241 0 0 0 0 0 0 0 0 
#qt 222242 0 0 0 0 0 0 0 0 
#qt 222243 0 0 0 0 0 0 0 0 
#qt 222244 0 0 0 0 0 0 0 0 
#qt 222311 0 0 0 0 0 0 0 0 
#qt 222312 0 0 0 0 0 0 0 0 
#qt 222313 0 0 0 0 0 0 0 0 
#qt 222314 0 0 0 0 0 0 0 0 
#qt 222321 0 0 0 0 0 0 0 0 
#qt 222322 0 0 0 0 0 0 0 0 
#qt 222323 0 0 0 0 0 0 0 0 
#qt 222324 0 0 0 0 0 0 0 0 
#qt 222331 0 0 0 0 0 0 0 0 
#qt 222332 0 0 0 0 0 0 0 0 
#qt 222333 0 0 0 0 0 0 0 0 
#qt 222334 0 0 0 0 0 0 0 0 
#qt 222341 0 0 0 0 0 0 0 0 
#qt 222342 0 0 0 0 0 0 0 0 
#qt 222343 0 0 0 0 0 0 0 0 
#qt 222344 0 0 0 0 0 0 0 0 
#qt 222411 0 0 0 0 0 0 0 0 
#qt 222412 0 0 0 0 0 0 0 0 
#qt 222413 0 0 0 0 0 0 0 0 
#qt 222414 0 0 0 0 0 0 0 0 
#qt 222421 0 0 0 0 0 0 0 0 
#qt 222422 0 0 0 0 0 0 0 0 
#qt 222423 0 0 0 0 0 0 0 0 
#qt 222424 0 0 0 0 0 0 0 0 
#qt 222431 0 0 0 0 0 0 0 0 
#qt 222432 0 0 0 0 0 0 0 0 
#qt 222433 0 0 0 0 0 0 0 0 
#qt 222434 0 0 0 0 0 0 0 0 
#qt 222441 0 0 0 0 0 0 0 0 
#qt 222442 0 0 0 0 0 0 0 0 
#qt 222443 0 0 0 0 0 0 0 0 
#qt 222444 0 0 0 0 0 0 0 0 
#qt 223111 0 0 0 0 0 0 0 0 
#qt 223112 0 0 0 0 0 0 0 0 
#qt 223113 0 0 0 0 0 0 0 0 
#qt 223114 0 0 0 0 0 0 0 0 
#qt 223121 0 0 0 0 0 0 0 0 
#qt 223122 1.46724 1.39866 1.51685 2.15775 1.6077 1.33539 1.52559 1.40366 
#qt 223123 0 0 0 0 0 0 0 0 
#qt 223124 0 0 0 0 0 0 0 0 
#qt 223131 0 0 0 0 0 0 0 0 
#qt 223132 0 0 0 0 0 0 0 0 
#qt 223133 0 0 0 0 0 0 0 0 
#qt 223134 0 0 0 0 0 0 0 0 
#qt 223141 0 0 0 0 0 0 0 0 
#qt 223142 0 0 0 0 0 0 0 0 
#qt 223143 0 0 0 0 0 0 0 0 
#qt 223144 0 0 0 0 0 0 0 0 
#qt 223211 0 0 0 0 0 0 0 0 
#qt 223212 0 0 0 0 0 0 0 0 
#qt 223213 0 0 0 0 0 0 0 0 
#qt 223214 0 0 0 0 0 0 0 0 
#qt 223221 1.29902 1.36641 1.35642 2.113 1.23251 1.38279 1.30436 1.23995 
#qt 223222 0 0 0 0 0 0 0 0 
#qt 223223 0 0 0 0 0 0 0 0 
#qt 223224 0 0 0 0 0 0 0 0 
#qt 223231 0 0 0 0 0 0 0 0 
#qt 223232 0 0 0 0 0 0 0 0 
#qt 223233 0 0 0 0 0 0 0 0 
#qt 223234 0 0 0 0 0 0 0 0 
#qt 223241 0 0 0 0 0 0 0 0 
#qt 223242 0 0 0 0 0 0 0 0 
#qt 223243 0 0 0 0 0 0 0 0 
#qt 223244 0 0 0 0 0 0 0 0 
#qt 223311 0 0 0 0 0 0 0 0 
#qt 223312 0 0 0 0 0 0 0 0 
#qt 223313 0 0 0 0 0 0 0 0 
#qt 223314 0 0 0 0 0 0 0 0 
#qt 223321 1.45036 1.53598 1.57036 2.40442 1.48323 1.28988 1.37431 1.57401 
#qt 223322 0 0 0 0 0 0 0 0 
#qt 223323 0 0 0 0 0 0 0 0 
#qt 223324 0 0 0 0 0 0 0 0 
#qt 223331 0 0 0 0 0 0 0 0 
#qt 223332 0 0 0 0 0 0 0 0 
#qt 223333 0 0 0 0 0 0 0 0 
#qt 223334 0 0 0 0 0 0 0 0 
#qt 223341 0 0 0 0 0 0 0 0 
#qt 223342 0 0 0 0 0 0 0 0 
#qt 223343 0 0 0 0 0 0 0 0 
#qt 223344 0 0 0 0 0 0 0 0 
#qt 223411 0 0 0 0 0 0 0 0 
#qt 223412 0 0 0 0 0 0 0 0 
#qt 223413 0 0 0 0 0 0 0 0 
#qt 223414 0 0 0 0 0 0 0 0 
#qt 223421 0 0 0 0 0 0 0 0 
#qt 223422 0 0 0 0 0 0 0 0 
#qt 223423 0 0 0 0 0 0 0 0 
#qt 223424 0 0 0 0 0 0 0 0 
#qt 223431 0 0 0 0 0 0 0 0 
#qt 223432 0 0 0 0 0 0 0 0 
#qt 223433 0 0 0 0 0 0 0 0 
#qt 223434 0 0 0 0 0 0 0 0 
#qt 223441 0 0 0 0 0 0 0 0 
#qt 223442 0 0 0 0 0 0 0 0 
#qt 223443 0 0 0 0 0 0 0 0 
#qt 223444 0 0 0 0 0 0 0 0 
#qt 224111 0 0 0 0 0 0 0 0 
#qt 224112 0 0 0 0 0 0 0 0 
#qt 224113 0 0 0 0 0 0 0 0 
#qt 224114 0 0 0 0 0 0 0 0 
#qt 224121 0 0 0 0 0 0 0 0 
#qt 224122 0 0 0 0 0 0 0 0 
#qt 224123 0 0 0 0 0 0 0 0 
#qt 224124 0 0 0 0 0 0 0 0 
#qt 224131 0 0 0 0 0 0 0 0 
#qt 224132 0 0 0 0 0 0 0 0 
#qt 224133 0 0 0 0 0 0 0 0 
#qt 224134 0 0 0 0 0 0 0 0 
#qt 224141 0 0 0 0 0 0 0 0 
#qt 224142 0 0 0 0 0 0 0 0 
#qt 224143 0 0 0 0 0 0 0 0 
#qt 224144 0 0 0 0 0 0 0 0 
#qt 224211 0 0 0 0 0 0 0 0 
#qt 224212 0 0 0 0 0 0 0 0 
#qt 224213 0 0 0 0 0 0 0 0 
#qt 224214 0 0 0 0 0 0 0 0 
#qt 224221 0 0 0 0 0 0 0 0 
#qt 224222 0 0 0 0 0 0 0 0 
#qt 224223 0 0 0 0 0 0 0 0 
#qt 224224 0 0 0 0 0 0 0 0 
#qt 224231 0 0 0 0 0 0 0 0 
#qt 224232 0 0 0 0 0 0 0 0 
#qt 224233 0 0 0 0 0 0 0 0 
#qt 224234 0 0 0 0 0 0 0 0 
#qt 224241 0 0 0 0 0 0 0 0 
#qt 224242 0 0 0 0 0 0 0 0 
#qt 224243 0 0 0 0 0 0 0 0 
#qt 224244 0 0 0 0 0 0 0 0 
#qt 224311 0 0 0 0 0 0 0 0 
#qt 224312 0 0 0 0 0 0 0 0 
#qt 224313 0 0 0 0 0 0 0 0 
#qt 224314 0 0 0 0 0 0 0 0 
#qt 224321 0 0 0 0 0 0 0 0 
#qt 224322 0 0 0 0 0 0 0 0 
#qt 224323 0 0 0 0 0 0 0 0 
#qt 224324 0 0 0 0 0 0 0 0 
#qt 224331 0 0 0 0 0 0 0 0 
#qt 224332 0 0 0 0 0 0 0 0 
#qt 224333 0 0 0 0 0 0 0 0 
#qt 224334 0 0 0 0 0 0 0 0 
#qt 224341 0 0 0 0 0 0 0 0 
#qt 224342 0 0 0 0 0 0 0 0 
#qt 224343 0 0 0 0 0 0 0 0 
#qt 224344 0 0 0 0 0 0 0 0 
#qt 224411 0 0 0 0 0 0 0 0 
#qt 224412 0 0 0 0 0 0 0 0 
#qt 224413 0 0 0 0 0 0 0 0 
#qt 224414 0 0 0 0 0 0 0 0 
#qt 224421 0 0 0 0 0 0 0 0 
#qt 224422 0 0 0 0 0 0 0 0 
#qt 224423 0 0 0 0 0 0 0 0 
#qt 224424 0 0 0 0 0 0 0 0 
#qt 224431 0 0 0 0 0 0 0 0 
#qt 224432 0 0 0 0 0 0 0 0 
#qt 224433 0 0 0 0 0 0 0 0 
#qt 224434 0 0 0 0 0 0 0 0 
#qt 224441 0 0 0 0 0 0 0 0 
#qt 224442 0 0 0 0 0 0 0 0 
#qt 224443 0 0 0 0 0 0 0 0 
#qt 224444 0 0 0 0 0 0 0 0 

